20110814 10.4 11 10 10 17.35 183.05 10.55
20110815 11 11.9 10 11.9 27.99 296.83 10.6
20110816 11.2 11.47 10.82 11.1 9.19 102.32 11.14
20110817 10.83 11 10 10.5 41.29 436.26 10.56
20110818 10.3 10.88 10.3 10.49 12.42 131.55 10.59
20110819 10.5 11.4 10.5 11.3 44.16 484.07 10.96
20110820 10.72 11.43 10.71 11.29 25.27 277.25 10.97
20110821 11.1 12 10.88 11.01 66.85 772.08 11.55
20110822 11.1 11.25 10.71 10.9 59.18 651.11 11
20110823 10.9 11.1 10.5 10.75 17.59 189.73 10.79
20110824 10.61 10.98 10.5 10.7 36.72 396.09 10.79
20110825 10.7 10.7 9.51 9.65 62.03 634.05 10.22
20110826 9.55 9.55 8 8 22.19 193.27 8.71
20110827 8 9 8 8.8 11.25 96.63 8.59
20110828 8.5 8.8 8.5 8.6 4.57 39.23 8.58
20110829 8.6 9 8.6 8.7 34.01 298.67 8.78
20110830 8.7 9 8.5 8.8 37.06 322.23 8.7
20110831 8.5 8.8 8.11 8.11 34.84 300.28 8.62
20110901 8.16 8.37 8.01 8.111 9.15 74.4 8.13
20110902 8.111 8.5 8.012 8.5 21.74 179.57 8.26
20110903 8.5 8.75 8.4 8.561 30.24 261.36 8.64
20110904 8.501 8.7 8.21 8.215 46.11 384.32 8.34
20110905 8.21 8.21 7.55 7.65 48.09 379.7 7.9
20110906 7.6 7.6 6.52 6.8 62.51 444.07 7.1
20110907 6.6 7.12 6.52 7.1 45.3 314.33 6.94
20110908 6.81 7 6.17 6.5 58.11 385.14 6.63
20110909 6.5 6.7 4.51 5.5 106.94 580.02 5.42
20110910 5.4 5.5 4.7 4.7 154.86 789.05 5.1
20110911 4.75 6.66 4.52 6.001 1358.12 7127.32 5.25
20110912 5.92 6.04 5.5 5.5 318.57 1898.62 5.96
20110913 5.7 6 5.2 5.6 2330.3 12301.77 5.28
20110914 5.7 5.75 4.5 5.4 1530.77 7856.75 5.13
20110915 5.5 5.5 4.471 4.7 2387.31 10888.19 4.56
20110916 4.7 5.2 4.228 4.5 647.46 2942.96 4.55
20110917 4.5 4.78 4.352 4.5 2792.42 12572.89 4.5
20110918 4.5 5.44 4.4 4.8 2541.14 11513.81 4.53
20110919 4.78 5.9 4.5 5.48 3058.29 14335.12 4.69
20110920 5.5 6.5 5.31 5.8 3417.02 20035.47 5.86
20110921 5.65 5.928 5 5.499 3801.25 20458.82 5.38
20110922 5.499 5.6 4.92 5.34 3516.23 17728.44 5.04
20110923 5.2 5.5 5 5.3 2184.44 11320.96 5.18
20110924 5.3 5.35 5 5.248 2222.55 11294.82 5.08
20110925 5.15 5.25 4.61 5.1 2719.77 13627.36 5.01
20110926 5.194 5.2 4.4 4.6 2712.81 12665.44 4.67
20110927 4.7 5.248 4.48 4.61 7570.52 34636.52 4.58
20110928 4.61 5.02 4.46 4.52 4327.12 19581.33 4.53
20110929 4.52 4.56 4.461 4.56 2783.78 12560.56 4.51
20110930 4.56 5.1 4.56 5.1 1434.53 6729.58 4.69
20111001 5.05 5.1 4.802 5 506.59 2532.97 5
20111002 5 5 4.9 4.95 525.29 2605.36 4.96
20111003 4.95 5 4.62 4.89 2249.64 10684.9 4.75
20111004 4.85 4.989 4.6 4.75 4071.8 19092.7 4.69
20111005 4.74 4.75 4.51 4.7 2869.86 13305.33 4.64
20111006 4.7 4.71 4.45 4.67 2664.68 12045.88 4.52
20111007 4.55 4.68 4.1 4.15 1229.8 5434.21 4.42
20111008 4.22 4.3 3.8 4.15 570.3 2306.26 4.04
20111009 4.2 4.227 3.904 4.1 238.53 982.95 4.12
20111010 4.01 4.189 3.915 4.1 589.64 2430.35 4.12
20111011 4.1 4.173 3.916 3.916 655.27 2635.02 4.02
20111012 3.916 3.97 3.8 3.969 619.05 2410.33 3.89
20111013 3.9 4.15 3.9 3.901 853.83 3460.35 4.05
20111014 3.9 4.09 3.701 3.811 1292.65 5002.52 3.87
20111015 4.05 4.08 3.788 3.841 803.24 3158.97 3.93
20111016 3.841 3.938 3.333 3.59 1311.22 4787.4 3.65
20111017 3.587 3.725 2.21 2.4 1239.45 3312.82 2.67
20111018 2.43 2.82 2.41 2.589 506.56 1304.14 2.57
20111019 2.587 2.587 2.002 2.2 615.01 1443.86 2.35
20111020 2.2 2.346 2.003 2.329 450.43 995.41 2.21
20111021 2.34 2.65 2.325 2.5 838.5 2104.56 2.51
20111022 2.5 3.465 2.5 3.055 1196.26 3436.29 2.87
20111023 3.055 3.326 2.92 3 720.27 2231.77 3.1
20111024 3 3.1 2.55 2.55 506.87 1424.3 2.81
20111025 2.5 2.95 2.5 2.7 884.02 2381.17 2.69
20111026 2.8 2.85 2.62 2.745 657.8 1791.09 2.72
20111027 2.74 2.997 2.691 2.9 753.46 2114.92 2.81
20111028 2.89 3.19 2.79 3.011 927.21 2787 3.01
20111029 3.12 3.65 3.012 3.556 902.32 3149.52 3.49
20111030 3.65 3.666 3.11 3.27 1017.68 3476.93 3.42
20111031 3.15 3.44 3.09 3.225 493.49 1559.75 3.16
20111101 3.225 3.45 3.082 3.082 734.47 2317.74 3.16
20111102 3.15 3.392 3.15 3.228 416.75 1347.33 3.23
20111103 3.199 3.39 3.16 3.2 401.53 1303.15 3.25
20111104 3.2 3.27 3.002 3.002 995.48 3138.87 3.15
20111105 3.1 3.213 2.9 2.98 450.1 1381.63 3.07
20111106 2.98 3 2.88 2.967 107.94 319.02 2.96
20111107 2.966 3.05 2.8 3.016 488.32 1432.95 2.93
20111108 3.016 3.22 2.803 2.99 1731.8 5254.26 3.03
20111109 2.98 2.99 2.803 2.93 596.99 1746.91 2.93
20111110 2.929 2.93 2.721 2.83 657.86 1834.23 2.79
20111111 2.83 2.999 2.73 2.999 374.03 1071.22 2.86
20111112 2.999 3.029 2.8 2.9 609.43 1802.89 2.96
20111113 2.9 2.996 2.862 2.977 125.84 370.52 2.94
20111114 2.882 2.882 2.15 2.29 2105.06 5557.34 2.64
20111115 2.3 2.75 2.25 2.32 1097.78 2595.77 2.36
20111116 2.32 2.599 2.3 2.599 620.13 1480.69 2.39
20111117 2.56 2.56 2 2.25 3253.59 7062.77 2.17
20111118 2.25 2.3 2 2.1 1341.66 2933.61 2.19
20111119 2.107 2.195 2 2.06 1403.87 2966.34 2.11
20111120 2.133 2.2 2.01 2.188 1035.11 2242.51 2.17
20111121 2.188 2.3 2 2.199 1727.96 3696.07 2.14
20111122 2.28 2.3 2.1 2.28 736.76 1658.98 2.25
20111123 2.2 2.34 2.111 2.3 1115.58 2516.31 2.26
20111124 2.3 2.388 2.15 2.29 1593.6 3675.71 2.31
20111125 2.29 2.48 2.29 2.3 777.37 1847.47 2.38
20111126 2.301 2.45 2.3 2.41 284.01 681.44 2.4
20111127 2.43 2.48 2.369 2.47 398.48 968.72 2.43
20111128 2.47 2.59 2.402 2.5 1077.82 2698.71 2.5
20111129 2.436 2.988 2.433 2.703 735.79 2024.16 2.75
20111130 2.797 2.95 2.712 2.792 843.15 2392.44 2.84
20111201 2.89 3.05 2.761 3.05 1405.7 4156.28 2.96
20111202 3.02 3.05 2.9 3.05 923.2 2756.99 2.99
20111203 2.995 3.2 2.77 2.776 911.06 2704.47 2.97
20111204 2.77 3.029 2.502 2.734 550.34 1476.82 2.68
20111205 2.734 2.888 2.6 2.743 440.84 1241.23 2.82
20111206 2.85 2.97 2.742 2.85 1286.17 3734.16 2.9
20111207 2.84 2.84 2.631 2.75 1045.69 2916.18 2.79
20111208 2.75 2.936 2.67 2.87 1192.92 3341.4 2.8
20111209 2.821 2.937 2.702 2.702 960.7 2747.82 2.86
20111210 2.705 2.919 2.705 2.86 1115.74 3195.3 2.86
20111211 2.91 3.23 2.837 3.161 1576.06 4752.04 3.02
20111212 3.22 3.22 2.961 3.099 881.59 2679.18 3.04
20111213 3.08 3.08 2.953 3.03 755.97 2297.09 3.04
20111214 3.02 3.195 2.967 3.129 1203.73 3708.01 3.08
20111215 3.129 3.16 3.01 3.041 585.09 1804.91 3.08
20111216 3.09 3.161 3.042 3.157 975.38 3026.34 3.1
20111217 3.16 3.26 3.111 3.16 477.04 1524.76 3.2
20111218 3.144 3.198 3.144 3.17 559.38 1773.48 3.17
20111219 3.166 3.65 3.155 3.6 1400.79 4597.2 3.28
20111220 3.5 4.49 3.5 3.814 988.67 3930.77 3.98
20111221 4 4 3.671 3.85 817.51 3115.55 3.81
20111222 3.85 3.9 3.631 3.867 407.13 1543.03 3.79
20111223 3.77 4.3 3.77 3.9 455.01 1799.47 3.95
20111224 3.9 3.929 3.8 3.848 618.61 2364.85 3.82
20111225 3.848 4.23 3.848 4.051 238.36 953.83 4
20111226 4.051 4.25 3.851 3.97 552.9 2211.38 4
20111227 3.892 4.01 3.75 3.92 1209.54 4670.52 3.86
20111228 3.92 4.199 3.9 4.1 746.45 3008.97 4.03
20111229 4.1 4.29 4.061 4.061 738.2 3055.91 4.14
20111230 4.063 4.29 3.986 4.061 605.61 2471.43 4.08
20111231 4.247 4.8 4.003 4.648 1230.87 5396.44 4.38
20120101 4.522 5.5 4.522 4.76 1185.14 5929.68 5
20120102 5.29 5.35 4.712 5.065 420.28 2175.86 5.18
20120103 5.066 5.219 4.7 4.77 943.12 4591.03 4.87
20120104 4.811 5.59 4.751 5.588 1024.52 5331.76 5.2
20120105 5.586 6.9 5.585 6.759 2380.99 14777.42 6.21
20120106 6.758 6.999 6.11 6.48 2763.12 17945.15 6.49
20120107 6.479 6.48 6.151 6.397 436.75 2751.3 6.3
20120108 6.17 6.73 6.164 6.601 2005.99 13143.14 6.55
20120109 6.719 7.01 6.2 6.201 1148.63 7530.78 6.56
20120110 6.201 6.5 6.2 6.32 525.3 3354.23 6.39
20120111 6.32 6.76 6.31 6.422 1166.15 7559.44 6.48
20120112 6.423 6.67 6.367 6.5 959.07 6235.39 6.5
20120113 6.5 6.601 6.326 6.46 752.41 4843.87 6.44
20120114 6.445 6.79 6.25 6.74 1069.31 6935.2 6.49
20120115 6.63 6.84 6.577 6.751 448.97 3016.99 6.72
20120116 6.839 6.9 6.383 6.4 1190.27 7864.91 6.61
20120117 6.4 6.748 5.5 5.7 688.62 4342.22 6.31
20120118 6.19 6.6 5.41 5.85 549.57 3332.55 6.06
20120119 6.1 6.299 5.82 6.26 391.53 2366.26 6.04
20120120 6.258 6.263 5.915 6.139 474.4 2896.55 6.11
20120121 6.139 6.14 5.82 5.999 257.85 1541.09 5.98
20120122 5.999 6.13 5.81 6 310.32 1839.82 5.93
20120123 5.999 6.248 5.802 5.832 808.29 4778.38 5.91
20120124 6 6.099 5.801 6 332.99 1974.72 5.93
20120125 5.9 6.01 5.65 5.65 769.87 4541.17 5.9
20120126 5.7 5.829 5.4 5.41 499.6 2763.94 5.53
20120127 5.3 5.3 4.9 5 1412.38 7164.98 5.07
20120128 5.001 5.44 5 5.02 841.8 4375.47 5.2
20120129 5.02 6.099 5 5.111 653.67 3607.67 5.52
20120130 5.15 5.45 5.15 5.287 439.65 2338.15 5.32
20120131 5.289 5.397 5.17 5.35 757.7 4005.75 5.29
20120201 5.35 5.82 5.224 5.6 1210.2 6526.9 5.39
20120202 5.606 5.98 5.352 5.9 755.89 4355.21 5.76
20120203 5.885 5.98 5.614 5.802 1027.39 5949.66 5.79
20120204 5.802 5.919 5.713 5.788 398.3 2321.97 5.83
20120205 5.788 5.9 5.352 5.41 991.89 5540.68 5.59
20120206 5.41 5.65 5.201 5.287 506.28 2711.81 5.36
20120207 5.231 5.449 5.152 5.2 759.13 3999.08 5.27
20120208 5.336 5.67 5.181 5.412 1229.68 6649.97 5.41
20120209 5.412 5.7 5.407 5.551 1016.89 5624.4 5.53
20120210 5.6 5.797 5.51 5.69 989.56 5586.64 5.65
20120211 5.796 5.842 5.605 5.605 1150.79 6487.92 5.64
20120212 5.605 5.677 5.361 5.389 1144.79 6265.5 5.47
20120213 5.389 5.41 5.18 5.18 847.66 4527.91 5.34
20120214 5.18 5.348 3.88 4.899 1509.65 6795.14 4.5
20120215 4.583 5.25 4.35 4.35 990.9 4537 4.58
20120216 4.36 4.49 4 4.1 805.01 3332.98 4.14
20120217 4.075 4.599 4.075 4.15 984.27 4212.82 4.28
20120218 4.102 4.36 4.1 4.101 490.32 2049.28 4.18
20120219 4.101 4.335 3.9 3.98 703.46 2844.14 4.04
20120220 4.15 4.6 4 4.589 1521.48 6609.37 4.34
20120221 4.15 4.465 4.021 4.175 1051.24 4451.17 4.23
20120222 4.25 4.278 4.102 4.25 1539.87 6495.28 4.22
20120223 4.22 4.6 4.177 4.51 1343.41 5898.03 4.39
20120224 4.55 4.7 4.35 4.51 1585.89 7176.05 4.52
20120225 4.51 4.65 4.501 4.502 497.6 2264.04 4.55
20120226 4.502 4.7 4.45 4.7 1117.18 5132.49 4.59
20120227 4.6 4.698 4.5 4.5 1405.37 6414.34 4.56
20120228 4.559 4.6 4.425 4.549 1072.59 4856.96 4.53
20120229 4.51 4.548 4.15 4.43 2179.74 9432.49 4.33
20120301 4.429 4.555 4.3 4.496 1752.55 7754.25 4.42
20120302 4.374 4.49 4.156 4.41 784.02 3384.17 4.32
20120303 4.303 4.41 4.22 4.27 860.91 3697.21 4.29
20120304 4.27 4.446 4.25 4.446 701.63 3025.89 4.31
20120305 4.38 4.5 4.23 4.499 2299.57 10083.42 4.38
20120306 4.5 4.9 4.35 4.501 1596.23 7364.19 4.61
20120307 4.834 4.838 4.45 4.52 1531.29 7067.99 4.62
20120308 4.52 4.729 4.511 4.63 775.13 3586.3 4.63
20120309 4.666 4.666 4.36 4.47 1398.93 6308.14 4.51
20120310 4.366 4.505 4.19 4.46 1562.65 6870.28 4.4
20120311 4.46 4.55 4.351 4.5 1567.23 6998.04 4.47
20120312 4.441 4.569 4.4 4.411 2177.38 9783.05 4.49
20120313 4.411 4.97 4.408 4.724 3729.09 17338.86 4.65
20120314 4.77 5.2 4.724 4.903 2537.72 12392.15 4.88
20120315 4.904 4.96 4.701 4.79 2721.1 13179.58 4.84
20120316 4.79 4.99 4.79 4.919 1403.35 6861.8 4.89
20120317 4.851 5.037 4.85 5.035 1048.46 5173.05 4.93
20120318 5.035 5.035 4.802 4.918 2855.02 14043.54 4.92
20120319 4.812 4.92 4.58 4.639 2383.2 11324.75 4.75
20120320 4.639 4.699 4.513 4.697 1791.29 8256.12 4.61
20120321 4.56 4.7 4.56 4.59 1838.08 8479.19 4.61
20120322 4.58 4.61 4.451 4.52 4008.18 18185.47 4.54
20120323 4.52 4.539 4.35 4.421 2052.26 9170.06 4.47
20120324 4.579 4.62 4.381 4.46 864.27 3882.44 4.49
20120325 4.442 4.539 4.22 4.302 1971.63 8638.42 4.38
20120326 4.349 4.464 4.272 4.391 2350.83 10319.51 4.39
20120327 4.39 4.5 4.345 4.5 3717.24 16355.37 4.4
20120328 4.45 4.7 4.431 4.5 859.56 3921.37 4.56
20120329 4.5 4.65 4.311 4.5 5510.69 24737.25 4.49
20120330 4.5 4.652 4.41 4.65 5431.65 24699.75 4.55
20120331 4.649 4.7 4.51 4.559 1843.69 8507.55 4.61
20120401 4.6 4.629 4.49 4.55 1824.94 8292.5 4.54
20120402 4.575 4.849 4.403 4.81 5816.54 26786.3 4.61
20120403 4.771 4.88 4.642 4.809 1722.29 8136.25 4.72
20120404 4.8 4.85 4.711 4.78 5990.02 28638.14 4.78
20120405 4.78 4.82 4.714 4.8 4069.48 19424.61 4.77
20120406 4.8 4.85 4.769 4.801 4005.32 19216.97 4.8
20120407 4.84 4.849 4.49 4.49 3281.71 15371.68 4.68
20120408 4.5 4.668 4.407 4.55 2782.47 12557.31 4.51
20120409 4.45 4.601 4.405 4.59 4483.97 20281.56 4.52
20120410 4.589 4.764 4.478 4.655 8555.14 39643.16 4.63
20120411 4.655 4.83 4.655 4.79 3838.45 18228.14 4.75
20120412 4.769 4.841 4.688 4.702 9351.68 44199.55 4.73
20120413 4.796 4.828 4.5 4.803 8352.32 39434.64 4.72
20120414 4.803 4.95 4.771 4.81 4057.36 19688.06 4.85
20120415 4.848 4.869 4.754 4.869 1174.3 5664.94 4.82
20120416 4.81 4.868 4.771 4.865 10470.34 50283.86 4.8
20120417 4.833 4.935 4.79 4.919 2966.23 14414.13 4.86
20120418 4.928 5.12 4.928 5.12 6757.78 33793.66 5
20120419 5.12 5.15 4.93 4.99 8924.31 44708.59 5.01
20120420 4.99 5.379 4.952 5.35 7043.65 35574.68 5.05
20120421 5.301 5.35 5.082 5.15 2689.99 13912.29 5.17
20120422 5.185 5.234 5.025 5.06 2053.24 10547.89 5.14
20120423 5.07 5.1 5.025 5.076 4222.97 21350.09 5.06
20120424 5.035 5.075 4.872 5 9003.83 44454.61 4.94
20120425 5 5.085 4.95 5.084 1854.07 9284.92 5.01
20120426 5.05 5.07 4.93 5 6657.61 33008.82 4.96
20120427 5 5 4.933 4.999 2321.47 11543.67 4.97
20120428 4.999 5.036 4.851 4.937 3567.75 17580.7 4.93
20120429 4.937 4.94 4.82 4.82 939.83 4581.79 4.88
20120430 4.82 4.919 4.803 4.918 2900.53 14053.09 4.85
20120501 4.918 4.929 4.823 4.845 955.4 4649.16 4.87
20120502 4.858 5.1 4.858 4.96 8401.11 41764.52 4.97
20120503 4.96 5.002 4.931 5 4137.99 20598.89 4.98
20120504 4.999 5.04 4.943 4.964 3734.29 18632.91 4.99
20120505 4.964 5 4.861 4.9 5514.28 27178.2 4.93
20120506 4.9 5.2 4.872 4.961 2948.34 14714.71 4.99
20120507 4.93 4.997 4.91 4.97 3419.12 16902.68 4.94
20120508 4.97 4.998 4.899 4.92 4135.34 20354.44 4.92
20120509 4.904 4.97 4.9 4.92 5042.67 24828.78 4.92
20120510 4.92 4.975 4.866 4.88 7170.64 35101.68 4.9
20120511 4.88 4.9 4.746 4.8 7013.18 33769.09 4.82
20120512 4.85 5.08 4.803 4.821 4708.75 23177.64 4.92
20120513 4.899 4.925 4.838 4.84 1787.59 8747.75 4.89
20120514 4.84 4.946 4.826 4.9 4269.49 20739.81 4.86
20120515 4.871 4.94 4.85 4.89 9519.07 46413.78 4.88
20120516 4.9 5 4.836 4.98 6375.76 31433.66 4.93
20120517 4.984 5 4.959 4.998 2813.73 14003.97 4.98
20120518 4.998 5.019 4.932 4.989 3890.51 19382.26 4.98
20120519 4.989 5.02 4.953 5.008 3402.48 16959.37 4.98
20120520 5.008 5.014 4.97 4.99 3281.29 16372.65 4.99
20120521 4.981 5.02 4.95 4.98 10959.67 54454.47 4.97
20120522 4.962 5.015 4.956 4.98 2493.64 12396.01 4.97
20120523 4.99 5.05 4.966 4.975 5462.79 27272.59 4.99
20120524 5 5.034 4.977 5.034 2890.96 14452.22 5
20120525 5.029 5.036 4.985 5.01 5977.89 29914.76 5
20120526 5.01 5.026 4.98 4.99 6247.05 31229.36 5
20120527 4.982 5.029 4.944 5.002 5145.31 25609.53 4.98
20120528 5 5.098 4.998 5.013 4602.49 23108.79 5.02
20120529 5.062 5.063 5 5.015 4036.35 20236.41 5.01
20120530 5.015 5.054 5.011 5.02 4153.54 20893.73 5.03
20120531 5.024 5.1 5.024 5.049 4082.18 20639.99 5.06
20120601 5.07 5.2 5.061 5.15 5070.18 26071.08 5.14
20120602 5.15 5.15 5.087 5.087 4752.55 24348.14 5.12
20120603 5.129 5.129 5.087 5.1 3572.61 18224.93 5.1
20120604 5.1 5.178 5.093 5.122 1724.86 8832.71 5.12
20120605 5.148 5.4 5.13 5.291 5793.31 30477.14 5.26
20120606 5.291 5.371 5.27 5.326 3770.39 20096.67 5.33
20120607 5.326 5.496 5.324 5.47 4992 26933.08 5.4
20120608 5.445 5.798 5.428 5.561 5942.53 33066.78 5.56
20120609 5.561 5.585 5.422 5.489 7016.72 38923.96 5.55
20120610 5.452 5.46 5.161 5.299 7337.18 39176.22 5.34
20120611 5.299 5.7 5.253 5.597 6236.25 33659.81 5.4
20120612 5.5 5.7 5.39 5.517 4998.57 27590.05 5.52
20120613 5.523 5.9 5.523 5.7 5579.85 32042.36 5.74
20120614 5.837 5.877 5.654 5.85 6244.87 35969.1 5.76
20120615 5.855 6.5 5.755 6.498 5323.83 31967.98 6
20120616 6.498 6.65 6.13 6.26 11012.59 70228.63 6.38
20120617 6.38 6.4 5.8 6.1 4811.31 29538.46 6.14
20120618 6.1 6.317 5.985 6.234 2114.31 13029.4 6.16
20120619 6.225 6.45 6.161 6.267 3159.05 20037.84 6.34
20120620 6.3 6.86 6.267 6.599 5026.54 32830.27 6.53
20120621 6.505 6.699 6.453 6.55 2474.21 16163.55 6.53
20120622 6.585 6.649 6.401 6.458 3064.02 19998.58 6.53
20120623 6.458 6.461 6.201 6.25 4002.93 25611.25 6.4
20120624 6.225 6.399 6.015 6.2 6147.3 38090.28 6.2
20120625 6.199 6.281 5.922 6.194 7020.5 43051.71 6.13
20120626 6.201 6.398 6.194 6.25 6105.52 38225.02 6.26
20120627 6.25 6.6 6.2 6.551 4998.15 31929.59 6.39
20120628 6.551 6.581 6.434 6.459 2022.14 13141.45 6.5
20120629 6.47 6.6 6.401 6.6 4256.84 27773.77 6.52
20120630 6.609 6.652 6.6 6.601 6141.47 40560.69 6.6
20120701 6.605 6.644 6.6 6.6 4420.06 29177.51 6.6
20120702 6.6 6.693 6.5 6.61 9777.03 64380.12 6.58
20120703 6.63 6.64 6.31 6.399 3595.02 23256.44 6.47
20120704 6.399 6.5 6.324 6.399 3477.02 22177.5 6.38
20120705 6.39 6.599 6.35 6.535 3581.78 23287.78 6.5
20120706 6.489 6.569 6.433 6.497 2813.22 18245.91 6.49
20120707 6.548 6.74 6.503 6.621 2854.73 18836.58 6.6
20120708 6.72 6.735 6.551 6.643 2066.58 13700.43 6.63
20120709 6.646 6.75 6.543 6.6 10301.72 68452.1 6.64
20120710 6.6 7.144 6.545 7 6209.05 43009.96 6.93
20120711 7 7.129 6.92 7.019 2044.49 14242.86 6.97
20120712 6.951 7.499 6.94 7.499 3300.6 23279.1 7.05
20120713 7.499 7.7 7.3 7.407 2647.77 19909.77 7.52
20120714 7.489 7.536 7.4 7.49 858.86 6408.06 7.46
20120715 7.49 7.49 7.365 7.41 1742.96 12903.71 7.4
20120716 7.44 8.08 7.411 8.08 4251.14 33108.15 7.79
20120717 8.08 9 7.672 8.45 5450.76 44635.06 8.19
20120718 8.599 9.15 8.391 8.9 7303.47 64283.69 8.8
20120719 8.9 9.08 8.8 9.038 3162.77 28151.84 8.9
20120720 8.803 9.034 7.82 8.411 3877.86 31775.79 8.19
20120721 8.4 8.89 7.89 8.421 2253.07 19137.72 8.49
20120722 8.5 8.55 8.1 8.1 925.74 7826.68 8.45
20120723 8.444 8.498 7.802 8.488 7099.18 59517.48 8.38
20120724 8.404 8.55 8.25 8.435 3708.59 31051.81 8.37
20120725 8.45 8.61 8.3 8.511 2536.72 21347.08 8.42
20120726 8.511 8.71 8.42 8.699 2675.09 22903.89 8.56
20120727 8.7 8.754 8.501 8.726 1617.9 14014.6 8.66
20120728 8.66 8.725 8.611 8.614 1121.39 9714.84 8.66
20120729 8.614 8.712 8.571 8.581 994.76 8559.44 8.6
20120730 8.581 8.976 8.371 8.852 4347.31 37955.33 8.73
20120731 8.854 9.9 8.854 9.151 874.14 8064.28 9.23
20120801 9.175 9.394 9.011 9.349 6675.3 61144.6 9.16
20120802 9.349 10.4 9.101 10.2 4605.45 43804.22 9.51
20120803 10.38 11.09 10.04 10.681 4430.07 46374.69 10.47
20120804 10.85 11 10.401 10.582 3399.8 36724.94 10.8
20120805 10.582 10.617 10.04 10.339 5706.18 58409.62 10.24
20120806 10.339 10.877 10.205 10.685 5114.32 54193.61 10.6
20120807 10.587 10.747 10.421 10.738 6417.87 67780.01 10.56
20120808 10.738 10.9 10.64 10.816 1985.13 21380.4 10.77
20120809 10.816 12 10.8 11 5728.78 64264.59 11.22
20120810 11 11.4 10.802 11.282 7497.27 83044.65 11.08
20120811 11.172 11.315 11.104 11.281 1064.38 11970.7 11.25
20120812 11.281 11.497 11.281 11.41 2052.38 23381 11.39
20120813 11.494 11.75 11.3 11.75 6742.73 77364.59 11.47
20120814 11.7 12.099 11.7 12.039 3037.03 36080.57 11.88
20120815 12.039 13.396 12.039 13.1 4127.17 51855.55 12.56
20120816 13.199 13.394 12.583 13.298 5781.82 75709.55 13.09
20120817 13.151 15.298 10.834 11.49 9748.43 135124.63 13.86
20120818 12.6 13.47 10.776 11.304 2259.31 26376.77 11.67
20120819 11.301 11.6 7.54 7.85 5441.91 51030.72 9.38
20120820 7.85 10.399 7.54 9.7 8159.38 75534.98 9.26
20120821 9.7 10.19 9.302 9.85 3200.4 31524.41 9.85
20120822 9.85 10.328 9.65 9.822 2877.3 28538.42 9.92
20120823 9.822 10.097 9.801 9.81 1699.01 16816.72 9.9
20120824 9.899 10.748 9.81 10.709 2745.22 27623.73 10.06
20120825 10.614 10.752 10.073 10.58 1427.47 14737.9 10.32
20120826 10.521 10.65 10.515 10.556 675.78 7161.27 10.6
20120827 10.556 12.201 10.556 10.9 5832.63 65934.54 11.3
20120828 11 11.5 10.501 10.801 5801.01 62194.74 10.72
20120829 10.8 11.03 10.65 10.7 1035.29 11214.87 10.83
20120830 10.652 10.825 10.501 10.825 1456.02 15413.84 10.59
20120831 10.748 10.748 9.7 10 1865.19 19138.5 10.26
20120901 10.05 10.25 9.503 9.95 1396.36 13811.66 9.89
20120902 9.999 10.5 9.715 10.192 1338.29 13458.33 10.06
20120903 10.124 10.484 10.001 10.428 1382.96 14144.12 10.23
20120904 10.321 10.387 10 10.291 1444.1 14652.92 10.15
20120905 10.174 10.9 10.051 10.82 3261.91 33966.83 10.41
20120906 10.78 11.295 10.6 11.078 3856.16 42056.71 10.91
20120907 11.078 11.219 10.812 11.004 2265.12 25093.88 11.08
20120908 11.003 11.1 10.69 11.006 2714.2 29555.88 10.89
20120909 11.009 11.094 10.704 10.824 1130.93 12343.77 10.91
20120910 10.88 11.098 10.88 10.955 2423.82 26585.45 10.97
20120911 10.955 11.098 10.801 11.01 5372.19 58828.94 10.95
20120912 11.011 11.279 10.79 11.276 3068.49 33881.39 11.04
20120913 11.276 11.292 11.186 11.191 1428.46 16039.38 11.23
20120914 11.191 11.646 11.191 11.6 2975.48 33996.62 11.43
20120915 11.639 11.639 11.353 11.5 1005.24 11548.33 11.49
20120916 11.5 11.88 11.41 11.651 1868.55 21707.44 11.62
20120917 11.7 11.828 11.553 11.65 5142.62 59902.41 11.65
20120918 11.623 12.1 11.59 11.954 3966.66 46826.58 11.81
20120919 12.095 12.44 11.954 12.352 3354.05 40848.97 12.18
20120920 12.418 12.571 12.229 12.356 3215.15 39949.45 12.43
20120921 12.345 12.5 11.861 12.196 1807.68 22028.17 12.19
20120922 12.115 12.196 11.933 11.979 1079.34 12985.7 12.03
20120923 11.979 12 11.57 11.92 2081.83 24617.97 11.83
20120924 11.978 12 11.632 11.784 6078.97 71925 11.83
20120925 11.801 11.99 11.7 11.85 2286.51 27029.65 11.82
20120926 11.836 12.2 11.791 12.031 1704.1 20422.99 11.98
20120927 12.031 12.2 11.951 12.178 2717.89 32862.32 12.09
20120928 12.062 12.25 12.02 12.15 2943.38 35620.25 12.1
20120929 12.101 12.31 12.03 12.172 2720.65 33082.8 12.16
20120930 12.171 12.25 12.08 12.16 1021.01 12380.69 12.13
20121001 12.1 12.17 11.931 11.953 6891.5 82819.83 12.02
20121002 11.953 12.37 11.941 12.3 9309.05 113568.31 12.2
20121003 12.266 12.55 12.205 12.55 8051.85 99705.32 12.38
20121004 12.549 12.799 12.461 12.6 4025.33 50760.61 12.61
20121005 12.6 12.696 12.41 12.553 1882.62 23613.31 12.54
20121006 12.554 12.62 12.364 12.388 1059.22 13181.41 12.44
20121007 12.388 12.389 11.703 11.798 2559.61 30662.43 11.98
20121008 11.971 11.996 10.601 11.699 4080.18 45776.61 11.22
20121009 11.671 12.177 11.671 11.969 2575.2 30718.3 11.93
20121010 11.997 12.3 11.771 11.906 4031.4 48379.39 12
20121011 11.905 12 11.754 11.861 2616.42 31171.86 11.91
20121012 11.863 12 11.75 11.92 2223.75 26410.65 11.88
20121013 11.92 11.95 11.576 11.7 5585.2 65375.45 11.71
20121014 11.632 11.959 11.575 11.576 2170.42 25263.9 11.64
20121015 11.56 11.7 11.301 11.552 2664.48 30679.8 11.51
20121016 11.566 11.75 11.5 11.75 1748.59 20329.14 11.63
20121017 11.748 11.799 11.1 11.579 2343.49 27071.56 11.55
20121018 11.631 11.75 11.529 11.606 2191.53 25466.33 11.62
20121019 11.614 11.7 11.302 11.5 2134.93 24539.15 11.49
20121020 11.5 11.615 11.296 11.5 2600.02 29723.93 11.43
20121021 11.48 11.519 11.311 11.348 1848.23 21143.25 11.44
20121022 11.39 11.497 11.133 11.19 4816.53 54575.3 11.33
20121023 11.189 11.541 11.08 11.46 4873.05 55576.94 11.4
20121024 11.458 11.498 11.3 11.4 2198.04 25034.67 11.39
20121025 11.416 11.449 9.917 10.233 5079.05 54825.61 10.79
20121026 10.235 10.496 8.889 9.787 5263.1 50798.45 9.65
20121027 9.834 10.43 9.325 10 1525.31 15181.66 9.95
20121028 9.997 10.35 9.86 10.346 2225.36 22567.01 10.14
20121029 10.345 10.441 10.108 10.441 4519.63 46521.86 10.29
20121030 10.4 10.6 10.24 10.49 4308.33 44812.76 10.4
20121031 10.6 11.032 10.525 11.032 2520.37 26969.63 10.7
20121101 10.924 11.099 10.5 10.698 3175.66 34262.32 10.79
20121102 10.697 10.699 10.1 10.261 5261.84 54218.4 10.3
20121103 10.26 10.4 10 10.351 5110 52365.53 10.25
20121104 10.355 10.45 10 10.351 6223.03 63750.66 10.24
20121105 10.379 10.497 10.191 10.497 6812.42 70215.45 10.31
20121106 10.497 10.689 10.405 10.653 3434 36166.54 10.53
20121107 10.657 10.79 10.5 10.755 3456.45 36850.63 10.66
20121108 10.749 10.749 10.404 10.551 4049.8 42836.52 10.58
20121109 10.55 10.7 10.47 10.59 2538.12 26829.48 10.57
20121110 10.606 10.7 10.551 10.66 948.09 10089.47 10.64
20121111 10.66 10.69 10.346 10.519 4178.84 43699.09 10.46
20121112 10.521 10.79 10.341 10.75 7315.31 77655.58 10.62
20121113 10.73 10.79 10.599 10.665 2956.12 31570.86 10.68
20121114 10.7 10.75 10.656 10.74 1635.66 17513.71 10.71
20121115 10.692 10.969 10.671 10.85 3287.89 35365.95 10.76
20121116 10.85 11.643 10.756 11.49 5762.11 64963.75 11.27
20121117 11.548 11.644 11.202 11.461 2960.63 33989.36 11.48
20121118 11.538 11.65 11.465 11.56 2454.99 28403.47 11.57
20121119 11.56 11.8 11.525 11.59 4958.03 57772.37 11.65
20121120 11.591 11.75 11.589 11.603 1984.72 23093.75 11.64
20121121 11.605 11.778 11.602 11.61 2227.04 26025.46 11.69
20121122 11.62 12.2 11.611 12.03 4495.16 53649.8 11.94
20121123 12.089 12.1 11.891 12.1 2402.82 28882.48 12.02
20121124 12.099 12.2 11.943 12.199 1340.62 16223.81 12.1
20121125 12.151 12.4 12.112 12.253 2048.59 25101.66 12.25
20121126 12.385 12.4 11.883 11.89 1862.2 22791.16 12.24
20121127 11.89 12.35 11.414 12 5635.12 67407.89 11.96
20121128 11.96 12.2 11.95 12.07 2363.87 28463.89 12.04
20121129 12.027 12.298 11.99 12.15 3161.21 38366.15 12.14
20121130 12.07 12.387 12.07 12.263 2091.55 25648.9 12.26
20121201 12.35 12.398 12.231 12.3 1653.79 20364.61 12.31
20121202 12.3 12.396 12.221 12.242 1791.2 22018.6 12.29
20121203 12.242 12.355 12.24 12.34 3594.82 44209.61 12.3
20121204 12.29 13.297 12.261 13.151 3419.05 43037.61 12.59
20121205 13.151 13.279 12.92 13.103 2905.91 38075.39 13.1
20121206 13.096 13.685 13.05 13.182 2733.49 36346.52 13.3
20121207 13.182 13.5 12.801 13.2 5882.17 77213.52 13.13
20121208 13.2 13.296 13.1 13.103 1354.51 17852.71 13.18
20121209 13.102 13.188 12.91 13.09 1924.86 25056.76 13.02
20121210 13.09 13.25 12.976 13.25 3527.25 46228.12 13.11
20121211 13.21 13.389 13.13 13.389 1580.83 20903.48 13.22
20121212 13.312 13.509 13.3 13.45 2186.82 29342.66 13.42
20121213 13.401 13.499 13.351 13.397 1620.39 21752.7 13.42
20121214 13.421 13.549 13.3 13.303 1817.42 24410.06 13.43
20121215 13.386 13.44 13.31 13.351 822.51 10988.49 13.36
20121216 13.35 13.5 13.13 13.499 2312.95 30891.7 13.36
20121217 13.327 13.887 12.63 13.254 4106.99 54118.1 13.18
20121218 13.254 13.254 12.906 13 926.56 12104.21 13.06
20121219 13.099 13.15 12.89 13.07 4291.02 55775.33 13
20121220 12.998 13.23 12.881 13.18 6255.93 81804.55 13.08
20121221 13.207 13.21 12.921 13.19 3175.15 41492.03 13.07
20121222 13.19 13.23 13 13.16 2919.6 38281.65 13.11
20121223 13.196 13.197 12.95 13.069 1352.92 17623.36 13.03
20121224 13.07 13.177 13 13.13 1358.34 17760.41 13.08
20121225 13.13 13.25 13.051 13.11 1340.31 17652.77 13.17
20121226 13.15 13.19 13.054 13.104 918.21 12037.29 13.11
20121227 13.104 13.19 13.051 13.09 1386.66 18173.5 13.11
20121228 13.09 13.219 13.061 13.18 2954.6 38761.71 13.12
20121229 13.208 13.33 13.12 13.154 1384.72 18273.97 13.2
20121230 13.16 13.3 13.115 13.187 1072.01 14145.11 13.19
20121231 13.248 13.34 13.151 13.284 1205.31 16016.22 13.29
20130101 13.282 13.399 13.13 13.201 1330.84 17567.58 13.2
20130102 13.202 13.248 13.16 13.216 504.84 6665.79 13.2
20130103 13.216 13.236 13.125 13.208 1280.7 16861.11 13.17
20130104 13.208 13.236 13.153 13.229 1829.2 24140.51 13.2
20130105 13.231 13.24 13.086 13.114 4376.32 57472.04 13.13
20130106 13.114 13.185 13.068 13.13 1032.16 13526.72 13.11
20130107 13.092 13.293 13.07 13.231 3015.82 39832.49 13.21
20130108 13.293 13.648 13.238 13.519 3275.36 43996.62 13.43
20130109 13.579 13.789 13.481 13.624 1939.04 26347.97 13.59
20130110 13.563 14.159 13.51 13.939 4524.68 62505.01 13.81
20130111 13.933 14.099 13.818 14.041 1531.04 21391.92 13.97
20130112 14.04 14.1 13.902 13.921 874.31 12217.91 13.97
20130113 13.922 14 13.903 13.921 1285.12 17926.75 13.95
20130114 13.923 14.04 13.8 14.04 1795.38 25007.67 13.93
20130115 14 14.059 13.902 13.933 2042.16 28538.34 13.97
20130116 14 14.4 13.933 14.397 2792 39444.89 14.13
20130117 14.39 15.321 14.35 15.321 3094.84 45830.08 14.81
20130118 15.321 15.78 15.1 15.283 2956.12 45456.07 15.38
20130119 15.283 15.437 15.062 15.287 854.94 13031.85 15.24
20130120 15.289 15.5 15.1 15.38 2862.35 43779 15.29
20130121 15.441 16.597 15.364 16.2 7944.68 128078.2 16.12
20130122 16.2 17.488 16.131 17.132 3550.86 59439.68 16.74
20130123 16.948 17.2 16.3 17.097 3737.03 62727.45 16.79
20130124 17.183 18.799 15.8 16.691 9498.92 167248.09 17.61
20130125 16.645 17.5 15.21 17.003 3305.83 55063.98 16.66
20130126 17.084 17.248 16.501 17.248 1811.28 30354.05 16.76
20130127 17.248 17.6 16.9 17.301 3673.02 63078.51 17.17
20130128 17.271 18.22 17.271 18.155 2988.99 53154.47 17.78
20130129 18.229 19.2 18.139 18.849 8000.24 150035.89 18.75
20130130 18.849 19.35 18.564 19.1 3187.31 60338.9 18.93
20130131 19.336 21.109 19 20.089 5097.9 102705.74 20.15
20130201 19.957 20.6 19.956 20.479 2820.11 57368.69 20.34
20130202 20.35 20.35 18.3 19.7 3148.24 61361.66 19.49
20130203 19.639 20.479 19.211 20.408 2938.62 58094.87 19.77
20130204 20.32 20.599 19.644 20.106 2008.97 40450.78 20.14
20130205 20.099 20.299 19.852 20.121 1449.29 29124.36 20.1
20130206 20.2 20.87 20.151 20.749 4275 88361.16 20.67
20130207 20.745 21.7 20.4 21.691 3334.03 70128.88 21.03
20130208 21.691 22.35 21.6 22.295 1764.99 38843.97 22.01
20130209 22.338 23.489 22.09 23.252 2110.11 47907.91 22.7
20130210 23.3 23.4 22.382 23.222 2174.47 50143.18 23.06
20130211 23.316 24.242 23.225 24.242 3449.63 81440.45 23.61
20130212 24.025 25.3 23.916 24.188 4086.68 101225.01 24.77
20130213 24.188 25.989 24.1 24.1 3577.51 89932.41 25.14
20130214 24.327 26.7 21.844 26.305 4543.8 109125.92 24.02
20130215 26.307 26.999 25.362 26.49 3640.45 95657.58 26.28
20130216 26.49 26.667 26.2 26.597 2931.01 77583.29 26.47
20130217 26.597 26.698 25.282 26.492 2158.53 56418.3 26.14
20130218 26.5 26.55 25.75 26.55 1581.89 41467.37 26.21
20130219 26.549 28.9 26.35 28.838 3507.16 97058.53 27.67
20130220 28.715 29.3 28.558 29.166 1567.69 45425.39 28.98
20130221 29.158 29.409 29 29.4 1846.91 53952.32 29.21
20130222 29.31 30.2 29 29 3245.37 96879.5 29.85
20130223 29.02 29.899 25.411 28.999 4056.84 111865.35 27.57
20130224 28.985 29.302 28.072 28.557 753.18 21662.06 28.76
20130225 28.599 29.98 28.31 29 1309.58 38192.64 29.16
20130226 28.982 29.84 28.81 29.3 1549.49 45506.45 29.37
20130227 29.401 30.49 29.22 30.296 4246.14 127418.16 30.01
20130228 30.296 33.42 30 32.435 4881.61 154355.43 31.62
20130301 32.973 33.53 32.3 33.5 1913.14 63603.89 33.25
20130302 33.302 33.499 32.665 32.934 996.98 32878.89 32.98
20130303 32.811 32.995 32.046 32.105 1126.82 36621.72 32.5
20130304 32.107 34.8 31.885 34.599 4267.89 141669.92 33.19
20130305 34.29 39.09 34.29 38.963 3527.03 131454.63 37.27
20130306 38.965 44.997 38.75 39 4858.95 206909.59 42.58
20130307 39 44 33.501 40.979 4885.93 198323.76 40.59
20130308 40.974 42.319 39.8 41.606 1246.82 51343.02 41.18
20130309 41.877 44.477 41.464 44.477 1703.82 73644.29 43.22
20130310 44.491 44.998 44.012 44.345 2471.45 110443.31 44.69
20130311 44.304 45.995 44.28 45.936 3683.29 166648.65 45.24
20130312 45.994 46 36.201 42.231 6541.73 279259.16 42.69
20130313 42.222 44.886 42.221 43.35 5028.41 219409.7 43.63
20130314 43.393 44.49 43.101 43.301 3094.79 135878.37 43.91
20130315 43.301 44.497 42.5 43.891 2532.7 110768.57 43.74
20130316 44 44.399 43.661 44.318 2295.66 101065.12 44.02
20130317 43.968 44.47 43.702 43.893 2857.03 125957.72 44.09
20130318 43.899 49.64 43.721 48.62 5964.73 270363.6 45.33
20130319 48.41 54.529 47.851 54.353 8729.89 450414.06 51.59
20130320 54 64.995 53.2 61.504 3943.85 227226.76 57.62
20130321 61.98 70 61.247 65.998 7813.6 503433.52 64.43
20130322 65.979 68.66 62.7 65.5 4770.55 320029.39 67.08
20130323 65.7 66.25 50 61.532 4510.3 275616.53 61.11
20130324 61.54 68 58.635 67.999 3121.48 201244.91 64.47
20130325 67.99 74 67.455 70.3 3744.84 265818.25 70.98
20130326 69.9 74.99 69.501 73.507 3791.65 275920.16 72.77
20130327 74.259 85.9 73.638 84.215 5126.67 421305.94 82.18
20130328 84.303 93.199 70 87.2 10086.35 867428.28 86
20130329 86.183 91 83 87.1 2908.64 254138.41 87.37
20130330 87.1 90 86 87.808 2507.74 220895.06 88.09
20130331 87.8 90.499 87.8 90.299 1659.16 148229.52 89.34
20130401 89.93 99.8 88.421 99.5 9884.72 936663.6 94.76
20130402 99.499 116 97 115.999 11245.6 1165369.77 103.63
20130403 115.999 149 100.01 124 19087.26 2411729.31 126.35
20130404 124.006 133.5 106.55 123.117 6998.56 859439.36 122.8
20130405 123.118 137 122.281 134.21 7793.36 1012005.66 129.85
20130406 134.22 139 131.12 134.007 5713.7 772248.4 135.16
20130407 133 155 132.99 151.16 8845.64 1259422.29 142.38
20130408 151.6 184.5 150.1 175.521 11896.31 1997692.77 167.93
20130409 175.53 230 175.5 215.263 10395.12 2108337.73 202.82
20130410 216.999 259 100 161 46512.46 8028997.14 172.62
20130411 161.002 184 52.999 80 63034.87 6069357.9 96.29
20130412 80.001 131 53 104.89 73964.5 5966133.94 80.66
20130413 104.89 117.7 84.499 91.98 32844.93 3286968.2 100.08
20130414 91.999 102.02 90 91.699 14997.98 1433369.79 95.57
20130415 91.704 99 69.904 82.511 30711.73 2646266.63 86.16
20130416 82.511 84 51 67.574 60656.9 3997380.49 65.9
20130417 68.013 94.99 64.21 87.369 37935.49 3089589.3 81.44
20130418 87.369 105.96 81.777 101.99 19310.57 1764430.05 91.37
20130419 101 127 97 112.4 32430.88 3598670.74 110.96
20130420 112.365 119.99 108.06 116.595 9682.23 1108189.54 114.46
20130421 116.589 119.93 96 112 19967.22 2198591.49 110.11
20130422 111.57 117.15 110.06 115.499 9070.59 1037368.48 114.37
20130423 115.46 126.9 113.25 126.1 14238.02 1709225.42 120.05
20130424 126.1 154.99 123.2 143.5 28045.66 3904704.13 139.23
20130425 143.59 150 120 135.89 21533.17 2975027.9 138.16
20130426 135.889 136.759 117 130 16519.71 2086925.52 126.33
20130427 130.002 131.74 119.011 122.63 8658.93 1081621.14 124.91
20130428 122.11 131.5 121.59 125.98 5094.63 642425.75 126.1
20130429 125.99 136.9 125.5 135.2 10699.29 1420930.4 132.81
20130430 135.2 135.98 129.01 133.829 9230.59 1224040.25 132.61
20130501 133.24 133.86 95.001 116.084 24199.84 2872226.02 118.69
20130502 116.084 125.93 95.11 106.798 31889.91 3417960.52 107.18
20130503 106.798 108 79.74 98.59 32940.64 3021666.25 91.73
20130504 98.59 116 93.01 111.49 22072.32 2365180.12 107.16
20130505 111.49 118.053 107 115.011 9441.68 1068244.9 113.14
20130506 115.01 120.99 103.66 110.999 16328.52 1868129.52 114.41
20130507 110.8 111 96.99 109.95 16948.85 1790144.21 105.62
20130508 109.94 113.29 107.26 109.249 7581.11 831562.31 109.69
20130509 108.77 109.5 105.99 108.07 3973.82 428095.45 107.73
20130510 108.09 115.58 108.002 112.989 8456.22 954601.63 112.89
20130511 112.81 113.75 110 112.195 2984.37 334662.98 112.14
20130512 112.196 113.5 108.6 111.279 3027.16 336190.51 111.06
20130513 111.279 114.012 110.86 113.203 4567.74 514577.1 112.65
20130514 113.12 114.42 103.33 104.15 7590.89 838216.76 110.42
20130515 104.15 110.689 97.01 104.99 12648.36 1318163.79 104.22
20130516 105 109.12 104.8 109 4327.28 464194.49 107.27
20130517 108.9 114.35 107 112.083 8260.41 912723.99 110.49
20130518 112 114.5 111.71 113.63 2934.52 333166.31 113.53
20130519 113.65 114.4 111 112.16 3179.11 359003.07 112.93
20130520 112.7 114.39 112 113.699 2508.42 284337.99 113.35
20130521 113.69 116.9 113 116.87 3903.69 447759.14 114.7
20130522 116.67 117.99 115.15 116.701 4090.8 475950.16 116.35
20130523 116.701 121.2 116.6 120.691 2957.42 353045.52 119.38
20130524 121 129.937 120.13 128.209 6862.39 864631.28 126
20130525 128.009 128.916 125.4 127.44 3117.1 397597.82 127.55
20130526 127.94 130.96 127.031 129.56 2877.42 371147.17 128.99
20130527 129.583 131.008 120 127.15 4792.25 610947.3 127.49
20130528 126.25 127.299 122.01 125.2 3332.65 415389.13 124.64
20130529 125.2 129.481 123.944 127.66 3023.42 382724.14 126.59
20130530 127.989 129.9 125.57 126.5 3664.62 468028.4 127.72
20130531 126.5 127.568 125.3 126.347 1989.67 251584.5 126.45
20130601 126.347 127.48 125.51 127.47 1550.91 196531.32 126.72
20130602 127.47 127.796 116 120.8 7675.76 934549.95 121.75
20130603 120.996 121.582 115 119.67 5127.31 603698.48 117.74
20130604 119.67 123.07 118.22 119.7 3589.82 431804.31 120.29
20130605 119.7 121.156 117.901 120.491 3080.43 368667.92 119.68
20130606 120.496 120.6 117.9 118.28 2116.92 252821.95 119.43
20130607 118.23 119 109.5 111.798 8495.07 960723.74 113.09
20130608 111.8 112 107.01 109.37 4875.68 533434.77 109.41
20130609 109.37 109.37 91.14 102.5 16848.14 1663514.1 98.74
20130610 102.999 107.77 94 105.12 7405.6 759915.01 102.61
20130611 105.11 109.13 104.51 108 3797.28 406293.67 107
20130612 108.42 110 106.983 107.6 4212 455969.65 108.25
20130613 107.89 109.24 100.8 105.502 5377.05 573297.45 106.62
20130614 105.71 106.1 99.4 100 5143.66 523519.39 101.78
20130615 99.99 102.9 97.68 100.51 2644.79 265024.6 100.21
20130616 100.51 101.48 99.41 100.2 1692.66 169779.83 100.3
20130617 100.331 103 99.402 101.36 2174.33 219158.76 100.79
20130618 101.832 109.999 101.39 104.9 7535.07 795013.63 105.51
20130619 104.6 107.5 103.501 105.225 4194.68 441639.46 105.29
20130620 105.228 108 104.222 106.424 4290 457652.12 106.68
20130621 106.51 107.997 102.83 105.634 6567.77 691123.61 105.23
20130622 105.634 105.9 100.51 101.708 5039.37 518596.58 102.91
20130623 102.199 102.932 99.49 101.159 4275.8 430283.8 100.63
20130624 100.729 101.699 92.198 96.226 6802.55 661492.19 97.24
20130625 96.494 102 95.998 98 5076.46 501296.99 98.75
20130626 98 98.989 97 97.999 1075.49 105280.07 97.89
20130627 97.999 98.175 95.135 95.2 2002.85 194382.08 97.05
20130628 95.494 95.799 87.05 88.989 6385.67 584553.99 91.54
20130629 88.969 91.999 86.8 89.599 3270.26 294639.01 90.1
20130630 89.45 91.489 89 90.207 2627.34 237858.12 90.53
20130701 90.207 91.974 75.566 81.008 12047.91 1028814.36 85.39
20130702 81.008 86.6 80.245 85.4 5837.88 487364.76 83.48
20130703 85.399 86.087 76 77.448 9675.75 775838.17 80.18
20130704 77.4 82.001 72.45 79.283 13297.53 1029790.67 77.44
20130705 79.644 79.7 63.32 66.396 16989.17 1186710.06 69.85
20130706 66.499 72.1 63.503 65.501 7480.04 498682.53 66.67
20130707 65.501 75 64.12 74 5227.66 357466.66 68.38
20130708 73.999 77.526 69 73.099 9204.39 677798.59 73.64
20130709 72.739 73.4 68.35 72.248 6347.11 451207.38 71.09
20130710 71.787 81.989 70.329 80.19 9074.57 690489.41 76.09
20130711 80.499 84.1 78.222 82.5 6929.11 562362.27 81.16
20130712 82.999 95.888 82.495 86.999 14153.93 1266493.42 89.48
20130713 87.18 90.092 82.301 88.99 5839.73 507656.39 86.93
20130714 89.032 90 85.74 87.899 2194.81 193975.53 88.38
20130715 87.29 92.2 86.4 91.3 4911.84 444023.51 90.4
20130716 91.31 91.749 87 88.55 3557.8 319776.5 89.88
20130717 88.551 90.085 88.01 88.999 3177.01 283582.94 89.26
20130718 89.498 89.8 81 83.468 6979.79 586473.69 84.02
20130719 83.876 85.4 82.002 83.8 2953.46 247455.97 83.79
20130720 83.765 85.29 83.5 83.95 1745.91 147137.3 84.28
20130721 83.98 84.9 82.5 83.797 1583.5 132719.1 83.81
20130722 83.8 84.9 83 84.4 1778.82 149956.84 84.3
20130723 84.5 87.3 84 85.98 3994 342048.86 85.64
20130724 85.98 87.564 85.786 86.869 2584.33 224216.86 86.76
20130725 86.86 88.99 86.118 88.89 3706.99 325160.04 87.72
20130726 88.89 89.998 88.22 89.496 3632.22 323454.85 89.05
20130727 89.4 89.59 86.403 87.6 2331.83 204027.16 87.5
20130728 87.9 90.9 87.5 89.5 3675.05 326999.3 88.98
20130729 89.5 92.589 88.6 91.2 4519.47 410503.91 90.83
20130730 91.1 95 90.761 95 4359.16 404694.65 92.84
20130731 95 99.9 94.01 97 7603.9 736091.76 96.8
20130801 97 97.234 93.5 94.75 3234.66 308625.96 95.41
20130802 94.99 96.999 93.211 96 4281.65 408906.45 95.5
20130803 96 96.269 94.03 94.743 1726.16 163870.38 94.93
20130804 94.743 95.12 93.5 94.359 1758.42 166165.75 94.5
20130805 94.46 96.8 94.043 96.46 2960.02 283826.54 95.89
20130806 96.464 98 95.9 97.32 2972.16 287637 96.78
20130807 97.32 98.2 96.01 97.46 2802.11 272648.11 97.3
20130808 97.48 97.493 92.42 94.383 6100.3 577384.04 94.65
20130809 94.536 95.5 93.16 93.821 1830.48 172845.85 94.43
20130810 93.821 94.732 92 92.941 2384.64 222289.51 93.22
20130811 92.941 95.59 92.5 93.135 2784.64 261038.33 93.74
20130812 93.135 94.9 92.392 94.843 2775.71 261454.4 94.19
20130813 94.895 95.01 93.7 94.98 2382.24 224848.13 94.39
20130814 94.98 98.27 94.5 97.605 5075.75 491626.26 96.86
20130815 97.605 98.1 95.941 96.298 2589.69 250429.93 96.7
20130816 96.298 96.9 95 96.788 1973.03 189730.43 96.16
20130817 96.63 97.2 96.003 96.961 1279.68 123757.2 96.71
20130818 96.997 97.288 96.5 96.852 1290.94 125162.6 96.95
20130819 96.891 100.624 96.72 99.1 4699.54 466123.66 99.18
20130820 99.1 103.101 99 103.101 2432.24 244158.14 100.38
20130821 103.1 109 101.13 107.12 5668.11 596204.12 105.19
20130822 107.67 109 106.003 106.913 3416.1 367683.56 107.63
20130823 106.978 107.3 102.138 105.25 3521.03 367851.19 104.47
20130824 105.24 107 104.1 106.358 1949.82 206222.19 105.76
20130825 106.34 110.35 106.054 109.3 3510.17 382163.2 108.87
20130826 109.3 110 106.206 108.39 2991.51 324299.08 108.41
20130827 108.39 116.5 108.289 115.36 6060.4 686628.73 113.3
20130828 115.36 116.299 114.013 115.2 3063.48 353240.32 115.31
20130829 115.598 116.08 114.796 115.972 1712.81 197724.56 115.44
20130830 115.972 121.95 115.512 120.722 5097.67 605380.59 118.76
20130831 121.232 126.555 120 122.9 5162.41 638544.25 123.69
20130901 122.9 126.402 119 126.402 2713.18 337366.77 124.34
20130902 126.402 126.566 123.05 124.774 3418.26 427500.86 125.06
20130903 124.727 125.96 123.5 124.999 2179.55 272297.75 124.93
20130904 124.999 124.999 112.1 116.494 8233.35 982582.75 119.34
20130905 116.923 119.487 111.611 117 4982.26 578467.97 116.11
20130906 117 119.289 113 113 4963.91 577051 116.25
20130907 113.015 119 112.125 117.031 3172.11 368095.11 116.04
20130908 117.786 118.345 114.4 115.44 2130.12 246518.15 115.73
20130909 115.763 121.999 114.5 119.924 5363.5 633818.04 118.17
20130910 119.923 121.909 119.312 119.998 2050.98 247390.89 120.62
20130911 119.465 124.9 117 124 7498.66 908973.55 121.22
20130912 123.949 124.898 122.56 123.39 3737.34 462996.74 123.88
20130913 123.39 125 122 124.75 3277.93 406674.52 124.06
20130914 124.75 125 122.511 123.144 3316.2 411486.87 124.08
20130915 123.786 124.03 121 123.6 3101.73 380509.31 122.68
20130916 123.6 125 122.4 123.999 4114.46 510543.04 124.09
20130917 124 125 123.151 124.502 3515.21 437131.23 124.35
20130918 124.98 126.01 124.423 125.092 3562.3 446175.77 125.25
20130919 125 125 120 120.753 5568.59 683295.65 122.71
20130920 120.899 123.999 119.502 121.116 4835.86 588386.71 121.67
20130921 121.116 122.495 120.8 121.1 1925.17 233671.54 121.38
20130922 121.37 122.189 120.5 121.698 1543.68 187026.81 121.16
20130923 121.685 122.2 120.009 120.886 2634.95 319297.38 121.18
20130924 120.886 121.794 119.502 121.734 3365.82 406625.53 120.81
20130925 121.726 123.8 121 122.554 3399.94 416430.35 122.48
20130926 122.554 123.189 121.014 122.749 2285.64 279416.78 122.25
20130927 122.223 123.499 121.59 122.739 2739.51 336632.66 122.88
20130928 122.801 123.7 122.06 123.6 1786.11 219900.56 123.12
20130929 123.6 124.79 122.9 123.051 2714.53 336146.62 123.83
20130930 123.401 123.98 121.2 122.999 3099.64 380663.77 122.81
20131001 123 124.688 122.717 123.747 3873.42 479801.17 123.87
20131002 123.747 124.492 75 101.14 23606.26 2395109.25 101.46
20131003 101.808 116.5 100 115.2 7580.11 831661.7 109.72
20131004 115.224 120.8 115.224 118.833 4458.66 528038.88 118.43
20131005 119.3 120 118.221 119.321 1947.47 232649.44 119.46
20131006 119.124 119.9 118.221 119.611 1207.7 143724.31 119.01
20131007 119.61 123.879 119.01 121.2 3599.1 436335.88 121.23
20131008 121.25 122.687 120.58 121.989 7238.25 881999.15 121.85
20131009 121.99 123.999 121.413 123.865 8081.48 994401.75 123.05
20131010 123.365 125 123 123.641 7860.09 974212.38 123.94
20131011 123.641 125 123.16 124.193 4398.02 545745.18 124.09
20131012 123.713 124.99 123.71 124.584 1739.18 216621.09 124.55
20131013 124.977 128.663 124.48 128.663 4467.22 563453.75 126.13
20131014 128.663 133.999 127.836 131.57 20931.46 2739719.9 130.89
20131015 131.499 137.989 130.801 137.979 9012.27 1209693.51 134.23
20131016 137.978 144.85 131.374 134.45 32220.27 4414598.47 137.01
20131017 135.44 141 134.201 140.68 22771.29 3153285.04 138.48
20131018 140.68 147.5 140.109 147.491 27456.64 3902175 142.12
20131019 147.491 160 145.71 156.8 18321.12 2806387.37 153.18
20131020 156.795 159 154.5 158.774 4224.93 664689.87 157.33
20131021 158.774 173.999 158.525 171.364 12876.23 2139337.34 166.15
20131022 171.316 187 169.9 184.6 17428.77 3133729.14 179.8
20131023 184.6 199.5 182.843 198.554 20870.45 3973488.88 190.39
20131024 198.554 204 152.499 184 44180.35 7993939.83 180.94
20131025 184.05 184.5 156 178.86 35003.95 5946945.63 169.89
20131026 178.78 179 166.4 170.966 31430.66 5459827.48 173.71
20131027 171.372 187 170.42 186.99 12486.96 2222478.5 177.98
20131028 186.979 192.429 181.201 189 8053.86 1510326.29 187.53
20131029 188.9 198.6 188.1 198 6132.4 1184623.04 193.17
20131030 198 198.442 191.012 193.299 11047.09 2155531.48 195.12
20131031 192.665 198.39 192.2 197.9 5517.72 1080312.53 195.79
20131101 197.9 199.2 195.552 198.989 3715.43 735178.81 197.87
20131102 198.8 201 197.8 198.854 3495.38 697432.14 199.53
20131103 199.001 209.85 198 208.9 9197.39 1864115.45 202.68
20131104 208.91 225 206 223.771 13066.95 2799458.97 214.24
20131105 223 244.88 216 237.18 24979.72 5784803.85 231.58
20131106 237.55 253.9 237.181 251.001 18758.33 4644088.24 247.57
20131107 251.98 292.499 250.323 281.81 35945.95 9860992.88 274.33
20131108 281.81 315 280.019 313.118 18564.38 5558032.74 299.39
20131109 313.118 349.114 301.1 331.298 26504.5 8784038.24 331.42
20131110 331.298 338.9 255 302 49930.52 14512870.04 290.66
20131111 302 329.698 290 321.322 17418.69 5452415.01 313.02
20131112 321.322 345.9 320.4 343.897 16516.41 5558667.78 336.55
20131113 343.7 400 342.351 392.435 21905.25 8173799.63 373.14
20131114 392.7 411 380.583 406.01 21398.42 8551456.47 399.63
20131115 405.57 425.5 380 406.99 22856.81 9304766.84 407.09
20131116 406.1 428.97 396.5 420.486 12564.21 5266017.89 419.13
20131117 422.484 487.7 420.491 480.6 21227.57 9726957.87 458.22
20131118 481.307 679.999 456 679.45 60127.43 32972837.22 548.38
20131119 679.45 823.275 375 545.152 85050.54 51420617.98 604.59
20131120 545.151 567.87 382.49 545 67479.81 32683220.14 484.34
20131121 545.12 684 530 673.547 32735.56 19877596.59 607.22
20131122 671 722 615.03 699 25577.56 17267381 675.1
20131123 698.01 774 675 724.2 26967.7 19946439.12 739.64
20131124 724.999 743.558 630 699 22245.95 15511939.64 697.29
20131125 698.988 750 695.2 743.999 18262.26 13212314.07 723.48
20131126 743.999 894.7 737 890 32905.37 26709072.64 811.69
20131127 882.653 950 843 934 24997.08 22412417.24 896.6
20131128 934 1000 850 962.03 40277.82 37350809.97 927.33
20131129 962.03 1032 927 1023.71 28290.36 27957232.97 988.22
20131130 1019.63 1095.2 1019.63 1051.55 13060.66 13760361.32 1053.57
20131201 1051.5 1054 677 878.173 61362.62 53080988.78 865.04
20131202 878.01 989.005 830 980.001 26730.41 24416143.08 913.42
20131203 980.054 1021 928.1 997.5 14626 14417943.93 985.78
20131204 997.5 1077.23 990.301 1076 12388.5 12881522.56 1039.8
20131205 1072.5 1077.23 846 990.4 62497.08 60574006.91 969.23
20131206 990 996.929 824 839 45174.49 40762358.71 902.33
20131207 839 874.988 551 700 119704.47 85162227.85 711.44
20131208 699.999 798 665.101 784.023 34854.03 25874533.12 742.37
20131209 785 900 765.4 878.5 40734.53 34467501.87 846.15
20131210 875.4 967 875.001 958.5 24673.1 22808065.19 924.41
20131211 958.5 971 804.5 855.503 27317.92 24119547.21 882.92
20131212 855.009 889.998 825 860 12825.63 10924412.88 851.76
20131213 855.172 908.96 835 869 17365.05 15116433.17 870.51
20131214 866.001 874.899 837 846.92 6108.21 5215130.78 853.79
20131215 846.92 869.999 801.1 863.64 12692.83 10596036.17 834.8
20131216 863.64 869.89 634 690 66586.78 48510547.04 728.53
20131217 689.001 748.9 610 660.1 50533 33929412.33 671.43
20131218 659.654 661.776 420.001 502.698 149309.48 78919302.02 528.56
20131219 502.698 694.88 483.78 681 66239.06 39952108.28 603.15
20131220 680.8 709.899 585 609 46363.79 30257840 652.62
20131221 609 642.9 560.102 591.169 25472.49 15260815.56 599.11
20131222 591.169 659.999 572.1 604.201 23308.98 14520831.75 622.97
20131223 604.45 669.97 591 650.22 16559.56 10466334.01 632.04
20131224 650.22 668.6 629 650.33 11121.2 7199454.94 647.36
20131225 650.002 675 640 674.96 9714.52 6398955.77 658.7
20131226 674.95 758 674.89 743.301 25517.2 18315986.48 717.79
20131227 743.301 761 681 715.01 27481.84 19753530.58 718.78
20131228 715.01 736.451 689.9 711.826 12077.6 8589486.09 711.19
20131229 711.826 732.34 695 720.016 7097.63 5063896.17 713.46
20131230 720.001 738 716.64 728.998 7568.97 5516171.8 728.79
20131231 725.006 734.99 710 730.5 6008.84 4356640.67 725.04
20140101 730.5 749.8 728 744 7124.26 5262970.2 738.74
20140102 744.157 799.89 736.861 782 14285.95 10943129.81 766.01
20140103 782 819 764.834 800 15337.68 12144723.37 791.82
20140104 800 829 780.65 823.499 11653.26 9409100.68 807.42
20140105 823.5 919.989 823.5 904 21021.18 18547886.09 882.34
20140106 903.297 990 888 925 29039.24 27179281.68 935.95
20140107 925 944.002 755.32 757.11 34774.42 29606366.54 851.38
20140108 757.11 850 720 821.175 32287.8 25810822.87 799.4
20140109 821.175 844.9 777.777 821.7 21176.1 17224737.27 813.4
20140110 821.51 849.064 794.247 841.003 12758.25 10494329.26 822.55
20140111 842 894 836 890.38 16232.32 14056533.98 865.96
20140112 890.381 899 815 835.49 17049.28 14483410.83 849.5
20140113 835.49 841.434 788.7 824.828 16349.04 13323203.13 814.92
20140114 824.998 840.5 805.8 819.47 8014.59 6613559.36 825.19
20140115 818.758 848.603 813 837.998 9798.53 8201180.01 836.98
20140116 837.639 846.248 813.1 813.375 7223.99 5988036.01 828.91
20140117 813.1 825 783 795 12851.66 10302375.3 801.64
20140118 792.331 839 792.331 817.498 7266.92 5900928.34 812.03
20140119 816.89 839 803.738 839 8159.38 6724435.48 824.14
20140120 838.85 841.627 810 829 10419.77 8636133.01 828.82
20140121 830 836.989 819.941 831.55 5452.49 4517677.64 828.55
20140122 832 835 815 822 7102.44 5856576.05 824.59
20140123 821 828.888 800.08 809.294 8039.86 6537316.71 813.11
20140124 805.919 809.445 753.057 774.98 14528.61 11340580.93 780.57
20140125 774.98 818 768.75 806.252 8990.86 7191832.56 799.91
20140126 806.252 830 790.001 817.802 10293.73 8403025.22 816.32
20140127 817.802 830 727 748.9 20075.69 15708919.28 782.48
20140128 746.501 809.998 732.129 774.9 10685.28 8243214.62 771.46
20140129 774.591 800 771 790.092 6350.39 4997051.94 786.89
20140130 790 809 757 795 12110.14 9531288.28 787.05
20140131 795 802.2 784.999 797 4327.12 3443078.11 795.7
20140201 797.4 817.7 792.112 800 6154.16 4960910.99 806.11
20140202 800 816 791.05 799.9 4612.22 3708814.59 804.13
20140203 796 809.799 782.003 798.9 5517.28 4403152.72 798.07
20140204 798.9 810 792.233 800.534 4186.23 3359898.91 802.61
20140205 801 804.9 783.098 784.75 5988.46 4753176.32 793.72
20140206 784.587 789 760 764.857 8828.63 6829154.09 773.52
20140207 764.98 765.95 676.1 709.97 30461.36 21857561.7 717.55
20140208 709.97 728.9 690 695.994 11192.62 7921765.84 707.77
20140209 695.994 730 671 697.5 12310.73 8639306.7 701.77
20140210 697.5 719.862 102 671 50022.76 30267922.06 605.08
20140211 672.005 709.989 621.001 664.666 27915.66 18615671.5 666.85
20140212 661.002 672 632 643.52 9757.07 6350897.03 650.9
20140213 647.852 653.896 580.1 591.391 18167.98 11150173.41 613.73
20140214 591.391 689 503 643.62 51933.79 31035118.35 597.59
20140215 643.62 650 616.001 637.13 8928.89 5676975.57 635.8
20140216 637.13 648 552.21 599 21554.2 12929820.32 599.87
20140217 599.601 646 593.03 613.443 14737.73 9167972.53 622.07
