20111013 0.000000
20111013 0.000000
20111013 0.000000
20111013 0.000000
20111013 0.000000
20111013 0.000000
20111013 0.000000
20111013 0.000000
20111013 0.000000
20111013 0.000000
20111013 0.000000
20111013 0.000000
20111013 0.000000
20111013 0.000000
20111013 0.000000
20111013 0.000000
20111013 0.000000
20111013 0.000000
20111013 0.000000
20111013 0.000000
20111013 0.000000
20111013 0.000000
20111013 0.000000
20111013 0.000000
20111013 0.000000
20111013 0.000000
20111013 0.000000
20111013 0.000000
20111013 0.000000
20111013 0.000000
20111013 0.000000
20111013 0.000000
20111013 0.000000
20111013 0.000000
20111013 0.000000
20111013 0.000000
20111013 0.000000
20111013 0.000000
20111013 0.000000
20111013 0.000000
20111013 0.000000
20111013 0.000003
20111013 0.000003
20111013 0.000003
20111013 0.000003
20111013 0.000003
20111013 0.000003
20111013 0.000003
20111013 0.000003
20111013 0.000003
20111013 0.000003
20111013 0.000003
20111013 0.000003
20111013 0.000003
20111013 0.000003
20111013 0.000017
20111013 0.000017
20111013 0.000017
20111013 0.000017
20111013 0.000017
20111013 0.000017
20111013 0.000017
20111013 0.000017
20111013 0.000017
20111013 0.000017
20111013 0.000017
20111013 0.000017
20111014 0.000017
20111014 0.000017
20111014 0.000068
20111014 0.000068
20111014 0.000068
20111014 0.000068
20111014 0.000068
20111014 0.000068
20111015 0.000068
20111015 0.000068
20111015 0.000068
20111015 0.000068
20111015 0.000068
20111016 0.000068
20111016 0.000068
20111016 0.000068
20111016 0.000099
20111016 0.000099
20111016 0.000099
20111017 0.000099
20111017 0.000099
20111017 0.000099
20111017 0.000099
20111017 0.000099
20111017 0.000099
20111018 0.000099
20111018 0.000099
20111018 0.000099
20111018 0.000099
20111018 0.000099
20111019 0.000139
20111019 0.000139
20111019 0.000139
20111019 0.000139
20111019 0.000139
20111020 0.000139
20111020 0.000139
20111020 0.000139
20111020 0.000139
20111020 0.000139
20111021 0.000139
20111021 0.000139
20111021 0.000139
20111021 0.000139
20111021 0.000185
20111021 0.000185
20111022 0.000185
20111022 0.000185
20111022 0.000185
20111022 0.000185
20111022 0.000185
20111023 0.000185
20111023 0.000185
20111023 0.000185
20111023 0.000185
20111023 0.000185
20111023 0.000185
20111024 0.000185
20111024 0.000242
20111024 0.000242
20111024 0.000242
20111025 0.000242
20111025 0.000242
20111025 0.000242
20111026 0.000242
20111026 0.000242
20111026 0.000242
20111026 0.000242
20111027 0.000242
20111027 0.000242
20111027 0.000242
20111028 0.000242
20111028 0.000206
20111028 0.000206
20111029 0.000206
20111029 0.000206
20111029 0.000206
20111029 0.000206
20111029 0.000206
20111030 0.000206
20111030 0.000206
20111030 0.000206
20111030 0.000206
20111030 0.000206
20111031 0.000206
20111031 0.000206
20111031 0.000222
20111031 0.000222
20111101 0.000222
20111101 0.000222
20111101 0.000222
20111101 0.000222
20111101 0.000222
20111101 0.000222
20111102 0.000222
20111102 0.000222
20111102 0.000222
20111102 0.000222
20111102 0.000222
20111102 0.000222
20111102 0.000418
20111102 0.000418
20111102 0.000418
20111103 0.000418
20111103 0.000418
20111103 0.000418
20111103 0.000418
20111103 0.000418
20111103 0.000418
20111104 0.000418
20111104 0.000418
20111104 0.000418
20111104 0.000418
20111104 0.000418
20111104 0.000681
20111104 0.000681
20111105 0.000681
20111105 0.000681
20111105 0.000681
20111105 0.000681
20111106 0.000681
20111106 0.000681
20111106 0.000681
20111106 0.000681
20111107 0.000681
20111107 0.000681
20111107 0.000681
20111107 0.000681
20111108 0.000707
20111108 0.000707
20111108 0.000707
20111108 0.000707
20111109 0.000707
20111109 0.000707
20111109 0.000707
20111109 0.000707
20111110 0.000707
20111110 0.000707
20111110 0.000707
20111111 0.000707
20111111 0.000707
20111111 0.000707
20111111 0.000662
20111112 0.000662
20111112 0.000662
20111112 0.000662
20111112 0.000662
20111113 0.000662
20111113 0.000662
20111113 0.000662
20111113 0.000662
20111114 0.000662
20111114 0.000662
20111114 0.000662
20111114 0.000662
20111115 0.000662
20111115 0.000667
20111115 0.000667
20111115 0.000667
20111116 0.000667
20111116 0.000667
20111116 0.000667
20111116 0.000667
20111117 0.000667
20111117 0.000667
20111117 0.000667
20111117 0.000667
20111117 0.000667
20111118 0.000667
20111118 0.000667
20111118 0.000702
20111118 0.000702
20111119 0.000702
20111119 0.000702
20111119 0.000702
20111119 0.000702
20111120 0.000702
20111120 0.000702
20111120 0.000702
20111120 0.000702
20111120 0.000702
20111121 0.000702
20111121 0.000702
20111121 0.000702
20111121 0.000736
20111122 0.000736
20111122 0.000736
20111122 0.000736
20111122 0.000736
20111123 0.000736
20111123 0.000736
20111123 0.000736
20111123 0.000736
20111124 0.000736
20111124 0.000736
20111124 0.000736
20111125 0.000736
20111125 0.000736
20111125 0.000705
20111125 0.000705
20111126 0.000705
20111126 0.000705
20111126 0.000705
20111126 0.000705
20111127 0.000705
20111127 0.000705
20111127 0.000705
20111127 0.000705
20111128 0.000705
20111128 0.000705
20111128 0.000705
20111128 0.000705
20111128 0.000733
20111129 0.000733
20111129 0.000733
20111129 0.000733
20111129 0.000733
20111130 0.000733
20111130 0.000733
20111130 0.000733
20111130 0.000733
20111130 0.000733
20111201 0.000733
20111201 0.000733
20111201 0.000733
20111201 0.000733
20111202 0.000844
20111202 0.000844
20111202 0.000844
20111202 0.000844
20111202 0.000844
20111202 0.000844
20111203 0.000844
20111203 0.000844
20111203 0.000844
20111203 0.000844
20111203 0.000844
20111204 0.000844
20111204 0.000844
20111204 0.000844
20111204 0.001086
20111205 0.001086
20111205 0.001086
20111205 0.001086
20111205 0.001086
20111206 0.001086
20111206 0.001086
20111206 0.001086
20111206 0.001086
20111207 0.001086
20111207 0.001086
20111207 0.001086
20111207 0.001086
20111208 0.001086
20111208 0.001054
20111208 0.001054
20111208 0.001054
20111209 0.001054
20111209 0.001054
20111209 0.001054
20111210 0.001054
20111210 0.001054
20111210 0.001054
20111210 0.001054
20111211 0.001054
20111211 0.001054
20111211 0.001054
20111211 0.001054
20111211 0.001008
20111212 0.001008
20111212 0.001008
20111212 0.001008
20111212 0.001008
20111213 0.001008
20111213 0.001008
20111214 0.001008
20111214 0.001008
20111214 0.001008
20111215 0.001008
20111215 0.001008
20111215 0.001008
20111216 0.001008
20111216 0.000794
20111216 0.000794
20111216 0.000794
20111217 0.000794
20111217 0.000794
20111217 0.000794
20111217 0.000794
20111218 0.000794
20111218 0.000794
20111218 0.000794
20111218 0.000794
20111218 0.000794
20111219 0.000794
20111219 0.000794
20111219 0.000852
20111219 0.000852
20111220 0.000852
20111220 0.000852
20111220 0.000852
20111221 0.000852
20111221 0.000852
20111221 0.000852
20111221 0.000852
20111221 0.000852
20111222 0.000852
20111222 0.000852
20111222 0.000852
20111222 0.000852
20111222 0.000955
20111223 0.000955
20111223 0.000955
20111223 0.000955
20111224 0.000955
20111224 0.000955
20111225 0.000955
20111225 0.000955
20111226 0.000955
20111226 0.000955
20111227 0.000955
20111227 0.000955
20111228 0.000955
20111228 0.000955
20111228 0.000552
20111229 0.000552
20111229 0.000552
20111229 0.000552
20111229 0.000552
20111229 0.000552
20111229 0.000552
20111229 0.000552
20111229 0.000552
20111229 0.000552
20111230 0.000552
20111230 0.000552
20111230 0.000552
20111230 0.000552
20111230 0.001173
20111230 0.001173
20111230 0.001173
20111231 0.001173
20111231 0.001173
20111231 0.001173
20111231 0.001173
20120101 0.001173
20120101 0.001173
20120101 0.001173
20120102 0.001173
20120102 0.001173
20120102 0.001173
20120102 0.001173
20120102 0.001214
20120103 0.001214
20120103 0.001214
20120103 0.001214
20120103 0.001214
20120104 0.001214
20120104 0.001214
20120104 0.001214
20120104 0.001214
20120104 0.001214
20120105 0.001214
20120105 0.001214
20120105 0.001214
20120105 0.001214
20120106 0.001334
20120106 0.001334
20120106 0.001334
20120106 0.001334
20120107 0.001334
20120107 0.001334
20120107 0.001334
20120108 0.001334
20120108 0.001334
20120109 0.001334
20120110 0.001334
20120111 0.001334
20120111 0.001334
20120112 0.001334
20120112 0.000716
20120112 0.000716
20120112 0.000716
20120113 0.000716
20120113 0.000716
20120113 0.000716
20120113 0.000716
20120113 0.000716
20120113 0.000716
20120113 0.000716
20120114 0.000716
20120114 0.000716
20120114 0.000716
20120114 0.000716
20120114 0.001260
20120114 0.001260
20120115 0.001260
20120115 0.001260
20120116 0.001260
20120116 0.001260
20120116 0.001260
20120117 0.001260
20120118 0.001260
20120118 0.001260
20120119 0.001260
20120120 0.001260
20120120 0.001260
20120121 0.001260
20120122 0.000577
20120122 0.000577
20120122 0.000577
20120123 0.000577
20120123 0.000577
20120123 0.000577
20120123 0.000577
20120124 0.000577
20120124 0.000577
20120124 0.000577
20120125 0.000577
20120125 0.000577
20120125 0.000577
20120125 0.000577
20120126 0.000515
20120126 0.000515
20120126 0.000515
20120126 0.000515
20120127 0.000515
20120127 0.000515
20120127 0.000515
20120127 0.000515
20120127 0.000515
20120128 0.000515
20120128 0.000515
20120128 0.000515
20120128 0.000515
20120128 0.000515
20120128 0.000644
20120129 0.000644
20120129 0.000644
20120129 0.000644
20120129 0.000644
20120129 0.000644
20120129 0.000644
20120129 0.000644
20120130 0.000644
20120130 0.000644
20120130 0.000644
20120130 0.000644
20120130 0.000644
20120130 0.000644
20120130 0.001138
20120131 0.001138
20120131 0.001138
20120201 0.001138
20120201 0.001138
20120201 0.001138
20120202 0.001138
20120202 0.001138
20120202 0.001138
20120202 0.001138
20120202 0.001138
20120203 0.001138
20120203 0.001138
20120203 0.001138
20120203 0.001065
20120203 0.001065
20120204 0.001065
20120204 0.001065
20120204 0.001065
20120204 0.001065
20120204 0.001065
20120204 0.001065
20120205 0.001065
20120205 0.001065
20120205 0.001065
20120205 0.001065
20120205 0.001065
20120205 0.001065
20120206 0.001573
20120206 0.001573
20120206 0.001573
20120206 0.001573
20120207 0.001573
20120207 0.001573
20120207 0.001573
20120207 0.001573
20120207 0.001573
20120208 0.001573
20120208 0.001573
20120208 0.001573
20120208 0.001573
20120209 0.001573
20120209 0.001643
20120209 0.001643
20120209 0.001643
20120210 0.001643
20120210 0.001643
20120210 0.001643
20120210 0.001643
20120211 0.001643
20120211 0.001643
20120211 0.001643
20120211 0.001643
20120212 0.001643
20120212 0.001643
20120212 0.001643
20120212 0.001682
20120213 0.001682
20120213 0.001682
20120213 0.001682
20120213 0.001682
20120214 0.001682
20120214 0.001682
20120214 0.001682
20120214 0.001682
20120214 0.001682
20120215 0.001682
20120215 0.001682
20120215 0.001682
20120215 0.001682
20120216 0.001753
20120216 0.001753
20120216 0.001753
20120216 0.001753
20120217 0.001753
20120217 0.001753
20120217 0.001753
20120217 0.001753
20120218 0.001753
20120218 0.001753
20120218 0.001753
20120218 0.001753
20120219 0.001753
20120219 0.001753
20120219 0.001837
20120219 0.001837
20120220 0.001837
20120220 0.001837
20120220 0.001837
20120220 0.001837
20120221 0.001837
20120221 0.001837
20120221 0.001837
20120221 0.001837
20120221 0.001837
20120222 0.001837
20120222 0.001837
20120222 0.001837
20120222 0.001902
20120223 0.001902
20120223 0.001902
20120223 0.001902
20120223 0.001902
20120224 0.001902
20120224 0.001902
20120224 0.001902
20120224 0.001902
20120225 0.001902
20120225 0.001902
20120225 0.001902
20120225 0.001902
20120226 0.001902
20120226 0.001918
20120226 0.001918
20120226 0.001918
20120227 0.001918
20120227 0.001918
20120227 0.001918
20120228 0.001918
20120228 0.001918
20120228 0.001918
20120229 0.001918
20120229 0.001918
20120229 0.001918
20120301 0.001918
20120301 0.001918
20120301 0.001499
20120302 0.001499
20120302 0.001499
20120302 0.001499
20120302 0.001499
20120302 0.001499
20120303 0.001499
20120303 0.001499
20120303 0.001499
20120303 0.001499
20120303 0.001499
20120303 0.001499
20120303 0.001499
20120304 0.001499
20120304 0.002258
20120304 0.002258
20120304 0.002258
20120304 0.002258
20120305 0.002258
20120305 0.002258
20120305 0.002258
20120305 0.002258
20120306 0.002258
20120306 0.002258
20120306 0.002258
20120307 0.002258
20120307 0.002258
20120308 0.002258
20120308 0.001852
20120308 0.001852
20120309 0.001852
20120309 0.001852
20120309 0.001852
20120310 0.001852
20120310 0.001852
20120311 0.001852
20120311 0.001852
20120311 0.001852
20120312 0.001852
20120312 0.001852
20120312 0.001852
20120313 0.001852
20120313 0.001322
20120313 0.001322
20120313 0.001322
20120313 0.001322
20120314 0.001322
20120314 0.001322
20120314 0.001322
20120314 0.001322
20120314 0.001322
20120315 0.001322
20120315 0.001322
20120315 0.001322
20120315 0.001322
20120315 0.001322
20120316 0.001614
20120316 0.001614
20120316 0.001614
20120316 0.001614
20120317 0.001614
20120317 0.001614
20120317 0.001614
20120317 0.001614
20120318 0.001614
20120318 0.001614
20120318 0.001614
20120318 0.001614
20120319 0.001614
20120319 0.001614
20120319 0.001750
20120319 0.001750
20120319 0.001750
20120320 0.001750
20120320 0.001750
20120320 0.001750
20120320 0.001750
20120320 0.001750
20120321 0.001750
20120321 0.001750
20120321 0.001750
20120321 0.001750
20120321 0.001750
20120322 0.001750
20120322 0.002162
20120322 0.002162
20120322 0.002162
20120323 0.002162
20120323 0.002162
20120323 0.002162
20120323 0.002162
20120324 0.002162
20120324 0.002162
20120324 0.002162
20120325 0.002162
20120325 0.002162
20120325 0.002162
20120326 0.002162
20120326 0.001889
20120326 0.001889
20120326 0.001889
20120327 0.001889
20120327 0.001889
20120327 0.001889
20120327 0.001889
20120328 0.001889
20120328 0.001889
20120328 0.001889
20120328 0.001889
20120329 0.001889
20120329 0.001889
20120329 0.001889
20120329 0.001925
20120329 0.001925
20120330 0.001925
20120330 0.001925
20120330 0.001925
20120330 0.001925
20120331 0.001925
20120331 0.001925
20120331 0.001925
20120331 0.001925
20120401 0.001925
20120401 0.001925
20120401 0.001925
20120401 0.001925
20120402 0.001966
20120402 0.001966
20120402 0.001966
20120402 0.001966
20120403 0.001966
20120403 0.001966
20120403 0.001966
20120404 0.001966
20120404 0.001966
20120404 0.001966
20120404 0.001966
20120405 0.001966
20120405 0.001966
20120405 0.001966
20120406 0.001749
20120406 0.001749
20120406 0.001749
20120406 0.001749
20120407 0.001749
20120407 0.001749
20120407 0.001749
20120407 0.001749
20120408 0.001749
20120408 0.001749
20120408 0.001749
20120408 0.001749
20120408 0.001749
20120409 0.001749
20120409 0.001855
20120409 0.001855
20120409 0.001855
20120410 0.001855
20120410 0.001855
20120410 0.001855
20120410 0.001855
20120410 0.001855
20120411 0.001855
20120411 0.001855
20120411 0.001855
20120412 0.001855
20120412 0.001855
20120412 0.001855
20120412 0.001904
20120413 0.001904
20120413 0.001904
20120413 0.001904
20120413 0.001904
20120414 0.001904
20120414 0.001904
20120414 0.001904
20120414 0.001904
20120415 0.001904
20120415 0.001904
20120415 0.001904
20120415 0.001904
20120416 0.001904
20120416 0.001873
20120416 0.001873
20120416 0.001873
20120417 0.001873
20120417 0.001873
20120417 0.001873
20120417 0.001873
20120418 0.001873
20120418 0.001873
20120418 0.001873
20120418 0.001873
20120419 0.001873
20120419 0.001873
20120419 0.001873
20120420 0.001781
20120420 0.001781
20120420 0.001781
20120420 0.001781
20120421 0.001781
20120421 0.001781
20120421 0.001781
20120421 0.001781
20120422 0.001781
20120422 0.001781
20120422 0.001781
20120423 0.001781
20120423 0.001781
20120423 0.001781
20120423 0.001638
20120424 0.001638
20120424 0.001638
20120424 0.001638
20120424 0.001638
20120424 0.001638
20120425 0.001638
20120425 0.001638
20120425 0.001638
20120426 0.001638
20120426 0.001638
20120426 0.001638
20120427 0.001638
20120427 0.001638
20120427 0.001470
20120427 0.001470
20120428 0.001470
20120428 0.001470
20120428 0.001470
20120429 0.001470
20120429 0.001470
20120429 0.001470
20120429 0.001470
20120430 0.001470
20120430 0.001470
20120430 0.001470
20120430 0.001470
20120501 0.001470
20120501 0.001392
20120501 0.001392
20120501 0.001392
20120502 0.001392
20120502 0.001392
20120502 0.001392
20120502 0.001392
20120502 0.001392
20120503 0.001392
20120503 0.001392
20120503 0.001392
20120504 0.001392
20120504 0.001392
20120504 0.001392
20120504 0.001389
20120505 0.001389
20120505 0.001389
20120505 0.001389
20120506 0.001389
20120506 0.001389
20120506 0.001389
20120506 0.001389
20120507 0.001389
20120507 0.001389
20120507 0.001389
20120507 0.001389
20120508 0.001389
20120508 0.001389
20120508 0.001290
20120508 0.001290
20120509 0.001290
20120509 0.001290
20120509 0.001290
20120509 0.001290
20120510 0.001290
20120510 0.001290
20120510 0.001290
20120510 0.001290
20120511 0.001290
20120511 0.001290
20120511 0.001290
20120511 0.001290
20120512 0.001280
20120512 0.001280
20120512 0.001280
20120513 0.001280
20120513 0.001280
20120513 0.001280
20120513 0.001280
20120513 0.001280
20120514 0.001280
20120514 0.001280
20120514 0.001280
20120514 0.001280
20120515 0.001280
20120515 0.001280
20120515 0.001273
20120516 0.001273
20120516 0.001273
20120516 0.001273
20120516 0.001273
20120517 0.001273
20120517 0.001273
20120517 0.001273
20120518 0.001273
20120518 0.001273
20120518 0.001273
20120519 0.001273
20120519 0.001273
20120519 0.001273
20120519 0.001077
20120520 0.001077
20120520 0.001077
20120520 0.001077
20120520 0.001077
20120521 0.001077
20120521 0.001077
20120521 0.001077
20120521 0.001077
20120521 0.001077
20120522 0.001077
20120522 0.001077
20120522 0.001077
20120522 0.001077
20120523 0.001171
20120523 0.001171
20120523 0.001171
20120523 0.001171
20120524 0.001171
20120524 0.001171
20120524 0.001171
20120524 0.001171
20120524 0.001171
20120525 0.001171
20120525 0.001171
20120525 0.001171
20120525 0.001171
20120526 0.001171
20120526 0.001313
20120526 0.001313
20120526 0.001313
20120527 0.001313
20120527 0.001313
20120527 0.001313
20120527 0.001313
20120528 0.001313
20120528 0.001313
20120528 0.001313
20120529 0.001313
20120529 0.001313
20120529 0.001313
20120529 0.001313
20120530 0.001140
20120530 0.001140
20120530 0.001140
20120530 0.001140
20120531 0.001140
20120531 0.001140
20120531 0.001140
20120531 0.001140
20120601 0.001140
20120601 0.001140
20120601 0.001140
20120601 0.001140
20120602 0.001140
20120602 0.001140
20120602 0.001134
20120602 0.001134
20120603 0.001134
20120603 0.001134
20120603 0.001134
20120603 0.001134
20120604 0.001134
20120604 0.001134
20120604 0.001134
20120605 0.001134
20120605 0.001134
20120605 0.001134
20120605 0.001134
20120605 0.001134
20120606 0.001179
20120606 0.001179
20120606 0.001179
20120606 0.001179
20120607 0.001179
20120607 0.001179
20120607 0.001179
20120607 0.001179
20120608 0.001179
20120608 0.001179
20120608 0.001179
20120608 0.001179
20120609 0.001179
20120609 0.001179
20120609 0.001236
20120609 0.001236
20120609 0.001236
20120610 0.001236
20120610 0.001236
20120610 0.001236
20120610 0.001236
20120611 0.001236
20120611 0.001236
20120611 0.001236
20120612 0.001236
20120612 0.001236
20120612 0.001236
20120612 0.001236
20120612 0.001229
20120613 0.001229
20120613 0.001229
20120613 0.001229
20120613 0.001229
20120614 0.001229
20120614 0.001229
20120614 0.001229
20120614 0.001229
20120615 0.001229
20120615 0.001229
20120615 0.001229
20120615 0.001229
20120616 0.001229
20120616 0.001304
20120616 0.001304
20120616 0.001304
20120617 0.001304
20120617 0.001304
20120617 0.001304
20120617 0.001304
20120618 0.001304
20120618 0.001304
20120618 0.001304
20120618 0.001304
20120619 0.001304
20120619 0.001304
20120619 0.001304
20120619 0.001259
20120620 0.001259
20120620 0.001259
20120620 0.001259
20120621 0.001259
20120621 0.001259
20120621 0.001259
20120621 0.001259
20120621 0.001259
20120622 0.001259
20120622 0.001259
20120622 0.001259
20120622 0.001259
20120623 0.001259
20120623 0.001300
20120623 0.001300
20120623 0.001300
20120623 0.001300
20120624 0.001300
20120624 0.001300
20120624 0.001300
20120624 0.001300
20120624 0.001300
20120624 0.001300
20120625 0.001300
20120625 0.001300
20120625 0.001300
20120625 0.001300
20120625 0.001808
20120626 0.001808
20120626 0.001808
20120626 0.001808
20120626 0.001808
20120626 0.001808
20120627 0.001808
20120627 0.001808
20120627 0.001808
20120627 0.001808
20120628 0.001808
20120628 0.001808
20120628 0.001808
20120628 0.001808
20120628 0.002065
20120629 0.002065
20120629 0.002065
20120629 0.002065
20120629 0.002065
20120629 0.002065
20120630 0.002065
20120630 0.002065
20120630 0.002065
20120630 0.002065
20120701 0.002065
20120701 0.002065
20120701 0.002065
20120701 0.002065
20120702 0.002312
20120702 0.002312
20120702 0.002312
20120702 0.002312
20120702 0.002312
20120703 0.002312
20120703 0.002312
20120703 0.002312
20120703 0.002312
20120704 0.002312
20120704 0.002312
20120704 0.002312
20120704 0.002312
20120704 0.002312
20120705 0.002687
20120705 0.002687
20120705 0.002687
20120705 0.002687
20120705 0.002687
20120706 0.002687
20120706 0.002687
20120706 0.002687
20120706 0.002687
20120706 0.002687
20120706 0.002687
20120707 0.002687
20120707 0.002687
20120707 0.002687
20120707 0.003745
20120707 0.003745
20120707 0.003745
20120708 0.003745
20120708 0.003745
20120708 0.003745
20120708 0.003745
20120708 0.003745
20120708 0.003745
20120708 0.003745
20120709 0.003745
20120709 0.003745
20120709 0.003745
20120709 0.003745
20120709 0.006384
20120709 0.006384
20120710 0.006384
20120710 0.006384
20120710 0.006384
20120710 0.006384
20120710 0.006384
20120711 0.006384
20120711 0.006384
20120711 0.006384
20120711 0.006384
20120712 0.006384
20120712 0.006384
20120712 0.006384
20120713 0.006478
20120713 0.006478
20120713 0.006478
20120713 0.006478
20120714 0.006478
20120714 0.006478
20120714 0.006478
20120714 0.006478
20120715 0.006478
20120715 0.006478
20120715 0.006478
20120715 0.006478
20120715 0.006478
20120716 0.006478
20120716 0.006795
20120716 0.006795
20120716 0.006795
20120717 0.006795
20120717 0.006795
20120717 0.006795
20120717 0.006795
20120718 0.006795
20120718 0.006795
20120718 0.006795
20120718 0.006795
20120718 0.006795
20120719 0.006795
20120719 0.006795
20120719 0.007365
20120719 0.007365
20120720 0.007365
20120720 0.007365
20120720 0.007365
20120720 0.007365
20120721 0.007365
20120721 0.007365
20120721 0.007365
20120721 0.007365
20120721 0.007365
20120722 0.007365
20120722 0.007365
20120722 0.007365
20120722 0.007870
20120723 0.007870
20120723 0.007870
20120723 0.007870
20120723 0.007870
20120724 0.007870
20120724 0.007870
20120724 0.007870
20120724 0.007870
20120724 0.007870
20120725 0.007870
20120725 0.007870
20120725 0.007870
20120725 0.007870
20120725 0.009214
20120726 0.009214
20120726 0.009214
20120726 0.009214
20120726 0.009214
20120727 0.009214
20120727 0.009214
20120727 0.009214
20120727 0.009214
20120728 0.009214
20120728 0.009214
20120728 0.009214
20120728 0.009214
20120728 0.009214
20120729 0.009778
20120729 0.009778
20120729 0.009778
20120729 0.009778
20120730 0.009778
20120730 0.009778
20120730 0.009778
20120730 0.009778
20120730 0.009778
20120731 0.009778
20120731 0.009778
20120731 0.009778
20120731 0.009778
20120731 0.009778
20120801 0.011487
20120801 0.011487
20120801 0.011487
20120801 0.011487
20120802 0.011487
20120802 0.011487
20120802 0.011487
20120802 0.011487
20120803 0.011487
20120803 0.011487
20120803 0.011487
20120803 0.011487
20120804 0.011487
20120804 0.011487
20120804 0.011650
20120804 0.011650
20120805 0.011650
20120805 0.011650
20120805 0.011650
20120806 0.011650
20120806 0.011650
20120806 0.011650
20120806 0.011650
20120807 0.011650
20120807 0.011650
20120807 0.011650
20120808 0.011650
20120808 0.011650
20120808 0.009728
20120809 0.009728
20120809 0.009728
20120809 0.009728
20120809 0.009728
20120810 0.009728
20120810 0.009728
20120810 0.009728
20120810 0.009728
20120811 0.009728
20120811 0.009728
20120811 0.009728
20120811 0.009728
20120812 0.009728
20120812 0.009811
20120812 0.009811
20120812 0.009811
20120813 0.009811
20120813 0.009811
20120813 0.009811
20120813 0.009811
20120814 0.009811
20120814 0.009811
20120814 0.009811
20120814 0.009811
20120815 0.009811
20120815 0.009811
20120815 0.009811
20120815 0.010003
20120815 0.010003
20120816 0.010003
20120816 0.010003
20120816 0.010003
20120817 0.010003
20120817 0.010003
20120817 0.010003
20120817 0.010003
20120818 0.010003
20120818 0.010003
20120818 0.010003
20120818 0.010003
20120819 0.010003
20120819 0.009351
20120819 0.009351
20120819 0.009351
20120820 0.009351
20120820 0.009351
20120820 0.009351
20120820 0.009351
20120821 0.009351
20120821 0.009351
20120821 0.009351
20120821 0.009351
20120822 0.009351
20120822 0.009351
20120822 0.009351
20120823 0.008969
20120823 0.008969
20120823 0.008969
20120823 0.008969
20120824 0.008969
20120824 0.008969
20120824 0.008969
20120824 0.008969
20120825 0.008969
20120825 0.008969
20120825 0.008969
20120825 0.008969
20120825 0.008969
20120826 0.008969
20120826 0.009701
20120826 0.009701
20120826 0.009701
20120827 0.009701
20120827 0.009701
20120827 0.009701
20120827 0.009701
20120828 0.009701
20120828 0.009701
20120828 0.009701
20120828 0.009701
20120829 0.009701
20120829 0.009701
20120829 0.009701
20120829 0.009436
20120830 0.009436
20120830 0.009436
20120830 0.009436
20120830 0.009436
20120831 0.009436
20120831 0.009436
20120831 0.009436
20120831 0.009436
20120901 0.009436
20120901 0.009436
20120901 0.009436
20120901 0.009436
20120902 0.009436
20120902 0.009878
20120902 0.009878
20120902 0.009878
20120902 0.009878
20120903 0.009878
20120903 0.009878
20120903 0.009878
20120904 0.009878
20120904 0.009878
20120904 0.009878
20120904 0.009878
20120905 0.009878
20120905 0.009878
20120905 0.009878
20120905 0.009766
20120906 0.009766
20120906 0.009766
20120906 0.009766
20120906 0.009766
20120906 0.009766
20120907 0.009766
20120907 0.009766
20120907 0.009766
20120907 0.009766
20120908 0.009766
20120908 0.009766
20120908 0.009766
20120908 0.009766
20120909 0.010356
20120909 0.010356
20120909 0.010356
20120909 0.010356
20120910 0.010356
20120910 0.010356
20120910 0.010356
20120910 0.010356
20120911 0.010356
20120911 0.010356
20120911 0.010356
20120912 0.010356
20120912 0.010356
20120912 0.010356
20120912 0.010040
20120912 0.010040
20120913 0.010040
20120913 0.010040
20120913 0.010040
20120914 0.010040
20120914 0.010040
20120914 0.010040
20120914 0.010040
20120915 0.010040
20120915 0.010040
20120915 0.010040
20120915 0.010040
20120916 0.010040
20120916 0.009406
20120916 0.009406
20120916 0.009406
20120917 0.009406
20120917 0.009406
20120917 0.009406
20120917 0.009406
20120918 0.009406
20120918 0.009406
20120918 0.009406
20120918 0.009406
20120919 0.009406
20120919 0.009406
20120919 0.009406
20120919 0.009735
20120920 0.009735
20120920 0.009735
20120920 0.009735
20120920 0.009735
20120920 0.009735
20120921 0.009735
20120921 0.009735
20120921 0.009735
20120921 0.009735
20120922 0.009735
20120922 0.009735
20120922 0.009735
20120922 0.009735
20120923 0.010753
20120923 0.010753
20120923 0.010753
20120923 0.010753
20120923 0.010753
20120924 0.010753
20120924 0.010753
20120924 0.010753
20120924 0.010753
20120925 0.010753
20120925 0.010753
20120925 0.010753
20120925 0.010753
20120925 0.010753
20120926 0.012184
20120926 0.012184
20120926 0.012184
20120926 0.012184
20120927 0.012184
20120927 0.012184
20120927 0.012184
20120927 0.012184
20120928 0.012184
20120928 0.012184
20120928 0.012184
20120928 0.012184
20120929 0.012184
20120929 0.012184
20120929 0.012215
20120929 0.012215
20120930 0.012215
20120930 0.012215
20120930 0.012215
20120930 0.012215
20121001 0.012215
20121001 0.012215
20121001 0.012215
20121001 0.012215
20121001 0.012215
20121002 0.012215
20121002 0.012215
20121002 0.012215
20121002 0.012836
20121003 0.012836
20121003 0.012836
20121003 0.012836
20121003 0.012836
20121004 0.012836
20121004 0.012836
20121004 0.012836
20121004 0.012836
20121004 0.012836
20121005 0.012836
20121005 0.012836
20121005 0.012836
20121005 0.012836
20121005 0.014559
20121006 0.014559
20121006 0.014559
20121006 0.014559
20121007 0.014559
20121007 0.014559
20121007 0.014559
20121007 0.014559
20121007 0.014559
20121008 0.014559
20121008 0.014559
20121008 0.014559
20121008 0.014559
20121009 0.014559
20121009 0.014955
20121009 0.014955
20121009 0.014955
20121010 0.014955
20121010 0.014955
20121010 0.014955
20121010 0.014955
20121010 0.014955
20121011 0.014955
20121011 0.014955
20121011 0.014955
20121011 0.014955
20121012 0.014955
20121012 0.014955
20121012 0.017641
20121012 0.017641
20121012 0.017641
20121012 0.017641
20121013 0.017641
20121013 0.017641
20121013 0.017641
20121013 0.017641
20121013 0.017641
20121013 0.017641
20121014 0.017641
20121014 0.017641
20121014 0.017641
20121014 0.017641
20121014 0.024963
20121015 0.024963
20121015 0.024963
20121015 0.024963
20121015 0.024963
20121016 0.024963
20121016 0.024963
20121016 0.024963
20121016 0.024963
20121017 0.024963
20121017 0.024963
20121017 0.024963
20121017 0.024963
20121018 0.024963
20121018 0.024074
20121018 0.024074
20121019 0.024074
20121019 0.024074
20121019 0.024074
20121019 0.024074
20121020 0.024074
20121020 0.024074
20121020 0.024074
20121021 0.024074
20121021 0.024074
20121021 0.024074
20121022 0.024074
20121022 0.024074
20121022 0.020148
20121022 0.020148
20121023 0.020148
20121023 0.020148
20121023 0.020148
20121023 0.020148
20121023 0.020148
20121024 0.020148
20121024 0.020148
20121024 0.020148
20121024 0.020148
20121024 0.020148
20121025 0.020148
20121025 0.020148
20121025 0.025372
20121025 0.025372
20121026 0.025372
20121026 0.025372
20121026 0.025372
20121026 0.025372
20121027 0.025372
20121027 0.025372
20121027 0.025372
20121028 0.025372
20121028 0.025372
20121028 0.025372
20121028 0.025372
20121029 0.025372
20121029 0.021638
20121029 0.021638
20121029 0.021638
20121030 0.021638
20121030 0.021638
20121030 0.021638
20121030 0.021638
20121031 0.021638
20121031 0.021638
20121031 0.021638
20121031 0.021638
20121031 0.021638
20121101 0.021638
20121101 0.021638
20121101 0.024626
20121101 0.024626
20121102 0.024626
20121102 0.024626
20121102 0.024626
20121102 0.024626
20121103 0.024626
20121103 0.024626
20121103 0.024626
20121103 0.024626
20121103 0.024626
20121104 0.024626
20121104 0.024626
20121104 0.024626
20121104 0.028020
20121104 0.028020
20121105 0.028020
20121105 0.028020
20121105 0.028020
20121105 0.028020
20121106 0.028020
20121106 0.028020
20121106 0.028020
20121107 0.028020
20121107 0.028020
20121107 0.028020
20121107 0.028020
20121108 0.028020
20121108 0.025112
20121108 0.025112
20121109 0.025112
20121109 0.025112
20121109 0.025112
20121110 0.025112
20121110 0.025112
20121110 0.025112
20121111 0.025112
20121111 0.025112
20121111 0.025112
20121111 0.025112
20121112 0.025112
20121112 0.025112
20121112 0.020355
20121113 0.020355
20121113 0.020355
20121113 0.020355
20121113 0.020355
20121114 0.020355
20121114 0.020355
20121114 0.020355
20121114 0.020355
20121114 0.020355
20121115 0.020355
20121115 0.020355
20121115 0.020355
20121115 0.020355
20121115 0.023384
20121116 0.023384
20121116 0.023384
20121116 0.023384
20121117 0.023384
20121117 0.023384
20121117 0.023384
20121117 0.023384
20121118 0.023384
20121118 0.023384
20121118 0.023384
20121119 0.023384
20121119 0.023384
20121119 0.023384
20121120 0.020196
20121120 0.020196
20121120 0.020196
20121120 0.020196
20121121 0.020196
20121121 0.020196
20121121 0.020196
20121121 0.020196
20121122 0.020196
20121122 0.020196
20121122 0.020196
20121122 0.020196
20121123 0.020196
20121123 0.020196
20121123 0.018800
20121123 0.018800
20121124 0.018800
20121124 0.018800
20121124 0.018800
20121124 0.018800
20121125 0.018800
20121125 0.018800
20121125 0.018800
20121125 0.018800
20121125 0.018800
20121126 0.018800
20121126 0.018800
20121126 0.018800
20121126 0.021782
20121127 0.021782
20121127 0.021782
20121127 0.021782
20121127 0.021782
20121128 0.021782
20121128 0.021782
20121128 0.021782
20121128 0.021782
20121128 0.021782
20121129 0.021782
20121129 0.021782
20121129 0.021782
20121129 0.021782
20121129 0.027411
20121129 0.027411
20121129 0.027411
20121130 0.027411
20121130 0.027411
20121130 0.027411
20121130 0.027411
20121130 0.027411
20121130 0.027411
20121130 0.027411
20121130 0.027411
20121201 0.027411
20121201 0.027411
20121201 0.027411
20121201 0.048500
20121201 0.048500
20121202 0.048500
20121202 0.048500
20121202 0.048500
20121203 0.048500
20121204 0.048500
20121204 0.048500
20121204 0.048500
20121205 0.048500
20121205 0.048500
20121206 0.048500
20121206 0.048500
20121207 0.048500
20121207 0.029153
20121207 0.029153
20121207 0.029153
20121207 0.029153
20121208 0.029153
20121208 0.029153
20121208 0.029153
20121208 0.029153
20121208 0.029153
20121208 0.029153
20121208 0.029153
20121209 0.029153
20121209 0.029153
20121209 0.029153
20121209 0.046559
20121209 0.046559
20121210 0.046559
20121210 0.046559
20121211 0.046559
20121211 0.046559
20121212 0.046559
20121212 0.046559
20121212 0.046559
20121213 0.046559
20121213 0.046559
20121214 0.046559
20121214 0.046559
20121214 0.046559
20121215 0.028172
20121215 0.028172
20121215 0.028172
20121215 0.028172
20121216 0.028172
20121216 0.028172
20121216 0.028172
20121216 0.028172
20121216 0.028172
20121216 0.028172
20121216 0.028172
20121216 0.028172
20121217 0.028172
20121217 0.028172
20121217 0.047463
20121217 0.047463
20121218 0.047463
20121218 0.047463
20121218 0.047463
20121219 0.047463
20121219 0.047463
20121220 0.047463
20121220 0.047463
20121220 0.047463
20121221 0.047463
20121221 0.047463
20121222 0.047463
20121222 0.047463
20121222 0.031065
20121223 0.031065
20121223 0.031065
20121223 0.031065
20121223 0.031065
20121223 0.031065
20121223 0.031065
20121224 0.031065
20121224 0.031065
20121224 0.031065
20121224 0.031065
20121224 0.031065
20121224 0.031065
20121225 0.031065
20121225 0.044062
20121225 0.044062
20121225 0.044062
20121226 0.044062
20121226 0.044062
20121226 0.044062
20121227 0.044062
20121227 0.044062
20121227 0.044062
20121228 0.044062
20121228 0.044062
20121228 0.044062
20121229 0.044062
20121229 0.044062
20121229 0.033638
20121230 0.033638
20121230 0.033638
20121230 0.033638
20121230 0.033638
20121230 0.033638
20121231 0.033638
20121231 0.033638
20121231 0.033638
20121231 0.033638
20130101 0.033638
20130101 0.033638
20130101 0.033638
20130101 0.033638
20130101 0.037798
20130102 0.037798
20130102 0.037798
20130102 0.037798
20130103 0.037798
20130103 0.037798
20130103 0.037798
20130104 0.037798
20130104 0.037798
20130104 0.037798
20130104 0.037798
20130105 0.037798
20130105 0.037798
20130106 0.037798
20130106 0.028756
20130106 0.028756
20130107 0.028756
20130107 0.028756
20130107 0.028756
20130107 0.028756
20130107 0.028756
20130108 0.028756
20130108 0.028756
20130108 0.028756
20130108 0.028756
20130109 0.028756
20130109 0.028756
20130109 0.028756
20130109 0.032114
20130109 0.032114
20130110 0.032114
20130110 0.032114
20130110 0.032114
20130111 0.032114
20130111 0.032114
20130111 0.032114
20130112 0.032114
20130112 0.032114
20130112 0.032114
20130113 0.032114
20130113 0.032114
20130113 0.032114
20130113 0.026214
20130114 0.026214
20130114 0.026214
20130114 0.026214
20130114 0.026214
20130115 0.026214
20130115 0.026214
20130115 0.026214
20130115 0.026214
20130115 0.026214
20130116 0.026214
20130116 0.026214
20130116 0.026214
20130116 0.026214
20130116 0.030483
20130117 0.030483
20130117 0.030483
20130117 0.030483
20130118 0.030483
20130118 0.030483
20130118 0.030483
20130119 0.030483
20130119 0.030483
20130120 0.030483
20130120 0.030483
20130120 0.030483
20130121 0.030483
20130121 0.030483
20130121 0.021810
20130122 0.021810
20130122 0.021810
20130122 0.021810
20130122 0.021810
20130123 0.021810
20130123 0.021810
20130123 0.021810
20130123 0.021810
20130123 0.021810
20130124 0.021810
20130124 0.021810
20130124 0.021810
20130124 0.021810
20130125 0.022597
20130125 0.022597
20130125 0.022597
20130125 0.022597
20130126 0.022597
20130126 0.022597
20130126 0.022597
20130126 0.022597
20130127 0.022597
20130127 0.022597
20130127 0.022597
20130128 0.022597
20130128 0.022597
20130128 0.022597
20130128 0.022371
20130129 0.022371
20130129 0.022371
20130129 0.022371
20130129 0.022371
20130130 0.022371
20130130 0.022371
20130130 0.022371
20130130 0.022371
20130131 0.022371
20130131 0.022371
20130131 0.022371
20130131 0.022371
20130201 0.022371
20130201 0.020855
20130201 0.020855
20130202 0.020855
20130202 0.020855
20130202 0.020855
20130202 0.020855
20130202 0.020855
20130203 0.020855
20130203 0.020855
20130203 0.020855
20130203 0.020855
20130204 0.020855
20130204 0.020855
20130204 0.020855
20130204 0.022623
20130205 0.022623
20130205 0.022623
20130205 0.022623
20130205 0.022623
20130206 0.022623
20130206 0.022623
20130206 0.022623
20130206 0.022623
20130207 0.022623
20130207 0.022623
20130207 0.022623
20130207 0.022623
20130208 0.022623
20130208 0.022611
20130208 0.022611
20130208 0.022611
20130208 0.022611
20130209 0.022611
20130209 0.022611
20130209 0.022611
20130209 0.022611
20130210 0.022611
20130210 0.022611
20130210 0.022611
20130210 0.022611
20130211 0.022611
20130211 0.022611
20130211 0.022900
20130212 0.022900
20130212 0.022900
20130212 0.022900
20130212 0.022900
20130213 0.022900
20130213 0.022900
20130213 0.022900
20130214 0.022900
20130214 0.022900
20130214 0.022900
20130215 0.022900
20130215 0.022900
20130215 0.022900
20130216 0.017591
20130216 0.017591
20130216 0.017591
20130216 0.017591
20130217 0.017591
20130217 0.017591
20130217 0.017591
20130217 0.017591
20130218 0.017591
20130218 0.017591
20130218 0.017591
20130218 0.017591
20130218 0.017591
20130219 0.017591
20130219 0.020567
20130219 0.020567
20130219 0.020567
20130220 0.020567
20130220 0.020567
20130220 0.020567
20130220 0.020567
20130221 0.020567
20130221 0.020567
20130221 0.020567
20130222 0.020567
20130222 0.020567
20130222 0.020567
20130222 0.020567
20130223 0.018174
20130223 0.018174
20130223 0.018174
20130224 0.018174
20130224 0.018174
20130224 0.018174
20130224 0.018174
20130225 0.018174
20130225 0.018174
20130225 0.018174
20130225 0.018174
20130226 0.018174
20130226 0.018174
20130226 0.018174
20130226 0.017421
20130227 0.017421
20130227 0.017421
20130227 0.017421
20130227 0.017421
20130228 0.017421
20130228 0.017421
20130228 0.017421
20130228 0.017421
20130301 0.017421
20130301 0.017421
20130301 0.017421
20130301 0.017421
20130301 0.017421
20130302 0.019386
20130302 0.019386
20130302 0.019386
20130302 0.019386
20130302 0.019386
20130302 0.019386
20130303 0.019386
20130303 0.019386
20130303 0.019386
20130303 0.019386
20130303 0.019386
20130303 0.019386
20130304 0.019386
20130304 0.019386
20130304 0.027832
20130304 0.027832
20130304 0.027832
20130305 0.027832
20130305 0.027832
20130305 0.027832
20130305 0.027832
20130305 0.027832
20130306 0.027832
20130306 0.027832
20130306 0.027832
20130306 0.027832
20130306 0.027832
20130306 0.027832
20130306 0.038792
20130307 0.038792
20130307 0.038792
20130307 0.038792
20130307 0.038792
20130308 0.038792
20130308 0.038792
20130308 0.038792
20130308 0.038792
20130309 0.038792
20130309 0.038792
20130309 0.038792
20130309 0.038792
20130309 0.038792
20130310 0.042832
20130310 0.042832
20130310 0.042832
20130310 0.042832
20130311 0.042832
20130311 0.042832
20130311 0.042832
20130311 0.042832
20130311 0.042832
20130311 0.042832
20130312 0.042832
20130312 0.042832
20130312 0.042832
20130312 0.042832
20130312 0.059680
20130312 0.059680
20130313 0.059680
20130313 0.059680
20130313 0.059680
20130313 0.059680
20130313 0.059680
20130313 0.059680
20130314 0.059680
20130314 0.059680
20130314 0.059680
20130314 0.059680
20130314 0.059680
20130314 0.059680
20130314 0.092755
20130315 0.092755
20130315 0.092755
20130315 0.092755
20130315 0.092755
20130316 0.092755
20130316 0.092755
20130316 0.092755
20130316 0.092755
20130316 0.092755
20130317 0.092755
20130317 0.092755
20130317 0.092755
20130317 0.092755
20130317 0.105891
20130318 0.105891
20130318 0.105891
20130318 0.105891
20130318 0.105891
20130319 0.105891
20130319 0.105891
20130319 0.105891
20130320 0.105891
20130320 0.105891
20130320 0.105891
20130321 0.105891
20130321 0.105891
20130322 0.105891
20130322 0.075542
20130323 0.075542
20130323 0.075542
20130323 0.075542
20130323 0.075542
20130324 0.075542
20130324 0.075542
20130324 0.075542
20130324 0.075542
20130325 0.075542
20130325 0.075542
20130325 0.075542
20130325 0.075542
20130325 0.075542
20130325 0.086241
20130326 0.086241
20130326 0.086241
20130326 0.086241
20130326 0.086241
20130326 0.086241
20130327 0.086241
20130327 0.086241
20130327 0.086241
20130327 0.086241
20130327 0.086241
20130328 0.086241
20130328 0.086241
20130328 0.086241
20130328 0.105939
20130329 0.105939
20130329 0.105939
20130329 0.105939
20130329 0.105939
20130330 0.105939
20130330 0.105939
20130330 0.105939
20130330 0.105939
20130331 0.105939
20130331 0.105939
20130331 0.105939
20130331 0.105939
20130331 0.105939
20130401 0.110728
20130401 0.110728
20130401 0.110728
20130401 0.110728
20130401 0.110728
20130402 0.110728
20130402 0.110728
20130402 0.110728
20130402 0.110728
20130402 0.110728
20130402 0.110728
20130403 0.110728
20130403 0.110728
20130403 0.110728
20130403 0.168682
20130403 0.168682
20130403 0.168682
20130404 0.168682
20130404 0.168682
20130404 0.168682
20130404 0.168682
20130404 0.168682
20130404 0.168682
20130405 0.168682
20130405 0.168682
20130405 0.168682
20130405 0.168682
20130405 0.168682
20130406 0.226619
20130406 0.226619
20130406 0.226619
20130406 0.226619
20130407 0.226619
20130407 0.226619
20130407 0.226619
20130407 0.226619
20130407 0.226619
20130408 0.226619
20130408 0.226619
20130408 0.226619
20130408 0.226619
20130408 0.226619
20130409 0.258196
20130409 0.258196
20130409 0.258196
20130409 0.258196
20130409 0.258196
20130410 0.258196
20130410 0.258196
20130410 0.258196
20130410 0.258196
20130410 0.258196
20130411 0.258196
20130411 0.258196
20130411 0.258196
20130411 0.258196
20130411 0.323074
20130412 0.323074
20130412 0.323074
20130412 0.323074
20130412 0.323074
20130413 0.323074
20130413 0.323074
20130413 0.323074
20130413 0.323074
20130414 0.323074
20130414 0.323074
20130414 0.323074
20130414 0.323074
20130414 0.323074
20130415 0.356019
20130415 0.356019
20130415 0.356019
20130415 0.356019
20130416 0.356019
20130416 0.356019
20130416 0.356019
20130416 0.356019
20130416 0.356019
20130417 0.356019
20130417 0.356019
20130417 0.356019
20130417 0.356019
20130417 0.356019
20130418 0.401266
20130418 0.401266
20130418 0.401266
20130418 0.401266
20130419 0.401266
20130419 0.401266
20130419 0.401266
20130419 0.401266
20130420 0.401266
20130420 0.401266
20130420 0.401266
20130420 0.401266
20130421 0.401266
20130421 0.401266
20130421 0.412924
20130421 0.412924
20130422 0.412924
20130422 0.412924
20130422 0.412924
20130422 0.412924
20130422 0.412924
20130423 0.412924
20130423 0.412924
20130423 0.412924
20130423 0.412924
20130424 0.412924
20130424 0.412924
20130424 0.412924
20130424 0.445824
20130425 0.445824
20130425 0.445824
20130425 0.445824
20130425 0.445824
20130426 0.445824
20130426 0.445824
20130426 0.445824
20130426 0.445824
20130426 0.445824
20130427 0.445824
20130427 0.445824
20130427 0.445824
20130427 0.445824
20130428 0.482296
20130428 0.482296
20130428 0.482296
20130428 0.482296
20130428 0.482296
20130429 0.482296
20130429 0.482296
20130429 0.482296
20130429 0.482296
20130430 0.482296
20130430 0.482296
20130430 0.482296
20130430 0.482296
20130501 0.482296
20130501 0.531385
20130501 0.531385
20130501 0.531385
20130501 0.531385
20130502 0.531385
20130502 0.531385
20130502 0.531385
20130503 0.531385
20130503 0.531385
20130503 0.531385
20130504 0.531385
20130504 0.531385
20130504 0.531385
20130505 0.531385
20130505 0.436719
20130505 0.436719
20130506 0.436719
20130506 0.436719
20130506 0.436719
20130506 0.436719
20130506 0.436719
20130507 0.436719
20130507 0.436719
20130507 0.436719
20130507 0.436719
20130507 0.436719
20130508 0.436719
20130508 0.436719
20130508 0.517384
20130508 0.517384
20130508 0.517384
20130509 0.517384
20130509 0.517384
20130509 0.517384
20130509 0.517384
20130509 0.517384
20130510 0.517384
20130510 0.517384
20130510 0.517384
20130510 0.517384
20130510 0.517384
20130511 0.517384
20130511 0.657346
20130511 0.657346
20130511 0.657346
20130511 0.657346
20130512 0.657346
20130512 0.657346
20130512 0.657346
20130512 0.657346
20130513 0.657346
20130513 0.657346
20130513 0.657346
20130513 0.657346
20130514 0.657346
20130514 0.657346
20130514 0.666850
20130514 0.666850
20130515 0.666850
20130515 0.666850
20130515 0.666850
20130515 0.666850
20130516 0.666850
20130516 0.666850
20130516 0.666850
20130516 0.666850
20130517 0.666850
20130517 0.666850
20130517 0.666850
20130518 0.666850
20130518 0.653116
20130518 0.653116
20130518 0.653116
20130519 0.653116
20130519 0.653116
20130519 0.653116
20130519 0.653116
20130520 0.653116
20130520 0.653116
20130520 0.653116
20130520 0.653116
20130521 0.653116
20130521 0.653116
20130521 0.653116
20130521 0.614654
20130522 0.614654
20130522 0.614654
20130522 0.614654
20130523 0.614654
20130523 0.614654
20130523 0.614654
20130523 0.614654
20130523 0.614654
20130524 0.614654
20130524 0.614654
20130524 0.614654
20130524 0.614654
20130525 0.614654
20130525 0.655987
20130525 0.655987
20130525 0.655987
20130525 0.655987
20130526 0.655987
20130526 0.655987
20130526 0.655987
20130526 0.655987
20130527 0.655987
20130527 0.655987
20130527 0.655987
20130527 0.655987
20130528 0.655987
20130528 0.655987
20130528 0.663349
20130528 0.663349
20130529 0.663349
20130529 0.663349
20130529 0.663349
20130529 0.663349
20130530 0.663349
20130530 0.663349
20130530 0.663349
20130530 0.663349
20130531 0.663349
20130531 0.663349
20130531 0.663349
20130531 0.663349
20130601 0.686291
20130601 0.686291
20130601 0.686291
20130601 0.686291
20130602 0.686291
20130602 0.686291
20130602 0.686291
20130602 0.686291
20130603 0.686291
20130603 0.686291
20130603 0.686291
20130603 0.686291
20130604 0.686291
20130604 0.686291
20130604 0.665842
20130604 0.665842
20130605 0.665842
20130605 0.665842
20130605 0.665842
20130605 0.665842
20130606 0.665842
20130606 0.665842
20130606 0.665842
20130606 0.665842
20130607 0.665842
20130607 0.665842
20130607 0.665842
20130607 0.665842
20130608 0.703209
20130608 0.703209
20130608 0.703209
20130608 0.703209
20130608 0.703209
20130609 0.703209
20130609 0.703209
20130609 0.703209
20130609 0.703209
20130610 0.703209
20130610 0.703209
20130610 0.703209
20130610 0.703209
20130611 0.703209
20130611 0.716427
20130611 0.716427
20130611 0.716427
20130612 0.716427
20130612 0.716427
20130612 0.716427
20130612 0.716427
20130613 0.716427
20130613 0.716427
20130613 0.716427
20130613 0.716427
20130614 0.716427
20130614 0.716427
20130614 0.716427
20130614 0.785276
20130614 0.785276
20130615 0.785276
20130615 0.785276
20130615 0.785276
20130616 0.785276
20130616 0.785276
20130616 0.785276
20130617 0.785276
20130617 0.785276
20130617 0.785276
20130617 0.785276
20130618 0.785276
20130618 0.785276
20130618 0.697964
20130618 0.697964
20130619 0.697964
20130619 0.697964
20130619 0.697964
20130619 0.697964
20130619 0.697964
20130620 0.697964
20130620 0.697964
20130620 0.697964
20130620 0.697964
20130620 0.697964
20130621 0.697964
20130621 0.697964
20130621 0.821963
20130621 0.821963
20130622 0.821963
20130622 0.821963
20130622 0.821963
20130622 0.821963
20130623 0.821963
20130623 0.821963
20130623 0.821963
20130623 0.821963
20130624 0.821963
20130624 0.821963
20130624 0.821963
20130624 0.821963
20130624 0.847679
20130625 0.847679
20130625 0.847679
20130625 0.847679
20130625 0.847679
20130626 0.847679
20130626 0.847679
20130626 0.847679
20130626 0.847679
20130627 0.847679
20130627 0.847679
20130627 0.847679
20130627 0.847679
20130628 0.847679
20130628 0.890447
20130628 0.890447
20130628 0.890447
20130628 0.890447
20130629 0.890447
20130629 0.890447
20130629 0.890447
20130629 0.890447
20130630 0.890447
20130630 0.890447
20130630 0.890447
20130630 0.890447
20130701 0.890447
20130701 0.890447
20130701 0.926700
20130701 0.926700
20130702 0.926700
20130702 0.926700
20130702 0.926700
20130702 0.926700
20130703 0.926700
20130703 0.926700
20130703 0.926700
20130703 0.926700
20130703 0.926700
20130704 0.926700
20130704 0.926700
20130704 0.926700
20130704 1.001405
20130705 1.001405
20130705 1.001405
20130705 1.001405
20130705 1.001405
20130706 1.001405
20130706 1.001405
20130706 1.001405
20130707 1.001405
20130707 1.001405
20130707 1.001405
20130707 1.001405
20130708 1.001405
20130708 1.001405
20130708 0.962608
20130708 0.962608
20130708 0.962608
20130709 0.962608
20130709 0.962608
20130709 0.962608
20130709 0.962608
20130710 0.962608
20130710 0.962608
20130710 0.962608
20130710 0.962608
20130711 0.962608
20130711 0.962608
20130711 0.962608
20130711 1.016651
20130712 1.016651
20130712 1.016651
20130712 1.016651
20130712 1.016651
20130713 1.016651
20130713 1.016651
20130713 1.016651
20130713 1.016651
20130714 1.016651
20130714 1.016651
20130714 1.016651
20130715 1.016651
20130715 1.016651
20130715 0.973272
20130715 0.973272
20130715 0.973272
20130716 0.973272
20130716 0.973272
20130716 0.973272
20130716 0.973272
20130717 0.973272
20130717 0.973272
20130717 0.973272
20130717 0.973272
20130717 0.973272
20130718 0.973272
20130718 0.973272
20130718 1.054494
20130718 1.054494
20130719 1.054494
20130719 1.054494
20130719 1.054494
20130720 1.054494
20130720 1.054494
20130720 1.054494
20130720 1.054494
20130721 1.054494
20130721 1.054494
20130721 1.054494
20130721 1.054494
20130722 1.054494
20130722 0.984771
20130722 0.984771
20130722 0.984771
20130723 0.984771
20130723 0.984771
20130723 0.984771
20130723 0.984771
20130724 0.984771
20130724 0.984771
20130724 0.984771
20130724 0.984771
20130725 0.984771
20130725 0.984771
20130725 0.984771
20130725 1.005463
20130726 1.005463
20130726 1.005463
20130726 1.005463
20130726 1.005463
20130727 1.005463
20130727 1.005463
20130727 1.005463
20130727 1.005463
20130728 1.005463
20130728 1.005463
20130728 1.005463
20130728 1.005463
20130729 1.005463
20130729 0.982959
20130729 0.982959
20130729 0.982959
20130730 0.982959
20130730 0.982959
20130730 0.982959
20130731 0.982959
20130731 0.982959
20130731 0.982959
20130731 0.982959
20130801 0.982959
20130801 0.982959
20130801 0.982959
20130802 0.982959
20130802 0.905179
20130802 0.905179
20130802 0.905179
20130803 0.905179
20130803 0.905179
20130803 0.905179
20130803 0.905179
20130804 0.905179
20130804 0.905179
20130804 0.905179
20130804 0.905179
20130805 0.905179
20130805 0.905179
20130805 0.905179
20130805 0.923343
20130805 0.923343
20130806 0.923343
20130806 0.923343
20130806 0.923343
20130806 0.923343
20130807 0.923343
20130807 0.923343
20130807 0.923343
20130807 0.923343
20130808 0.923343
20130808 0.923343
20130808 0.923343
20130808 0.923343
20130809 0.955660
20130809 0.955660
20130809 0.955660
20130809 0.955660
20130810 0.955660
20130810 0.955660
20130810 0.955660
20130810 0.955660
20130811 0.955660
20130811 0.955660
20130811 0.955660
20130811 0.955660
20130812 0.955660
20130812 0.955660
20130812 0.937690
20130812 0.937690
20130813 0.937690
20130813 0.937690
20130813 0.937690
20130813 0.937690
20130814 0.937690
20130814 0.937690
20130814 0.937690
20130814 0.937690
20130814 0.937690
20130815 0.937690
20130815 0.937690
20130815 0.937690
20130815 1.005738
20130816 1.005738
20130816 1.005738
20130816 1.005738
20130816 1.005738
20130817 1.005738
20130817 1.005738
20130817 1.005738
20130818 1.005738
20130818 1.005738
20130818 1.005738
20130818 1.005738
20130819 1.005738
20130819 1.005738
20130819 0.955858
20130819 0.955858
20130820 0.955858
20130820 0.955858
20130820 0.955858
20130820 0.955858
20130820 0.955858
20130821 0.955858
20130821 0.955858
20130821 0.955858
20130821 0.955858
20130822 0.955858
20130822 0.955858
20130822 0.955858
20130822 1.077731
20130822 1.077731
20130823 1.077731
20130823 1.077731
20130823 1.077731
20130823 1.077731
20130824 1.077731
20130824 1.077731
20130824 1.077731
20130824 1.077731
20130825 1.077731
20130825 1.077731
20130825 1.077731
20130825 1.077731
20130826 1.067634
20130826 1.067634
20130826 1.067634
20130827 1.067634
20130827 1.067634
20130827 1.067634
20130827 1.067634
20130828 1.067634
20130828 1.067634
20130828 1.067634
20130828 1.067634
20130829 1.067634
20130829 1.067634
20130829 1.067634
20130829 1.029447
20130830 1.029447
20130830 1.029447
20130830 1.029447
20130830 1.029447
20130830 1.029447
20130831 1.029447
20130831 1.029447
20130831 1.029447
20130831 1.029447
20130831 1.029447
20130901 1.029447
20130901 1.029447
20130901 1.029447
20130901 1.213968
20130902 1.213968
20130902 1.213968
20130902 1.213968
20130903 1.213968
20130903 1.213968
20130903 1.213968
20130903 1.213968
20130904 1.213968
20130904 1.213968
20130904 1.213968
20130905 1.213968
20130905 1.213968
20130905 1.213968
20130905 1.034093
20130906 1.034093
20130906 1.034093
20130906 1.034093
20130906 1.034093
20130906 1.034093
20130907 1.034093
20130907 1.034093
20130907 1.034093
20130907 1.034093
20130907 1.034093
20130908 1.034093
20130908 1.034093
20130908 1.034093
20130908 1.242944
20130909 1.242944
20130909 1.242944
20130909 1.242944
20130910 1.242944
20130910 1.242944
20130910 1.242944
20130911 1.242944
20130911 1.242944
20130911 1.242944
20130911 1.242944
20130912 1.242944
20130912 1.242944
20130912 1.242944
20130912 1.068339
20130913 1.068339
20130913 1.068339
20130913 1.068339
20130913 1.068339
20130914 1.068339
20130914 1.068339
20130914 1.068339
20130914 1.068339
20130915 1.068339
20130915 1.068339
20130915 1.068339
20130915 1.068339
20130915 1.068339
20130916 1.137344
20130916 1.137344
20130916 1.137344
20130916 1.137344
20130917 1.137344
20130917 1.137344
20130917 1.137344
20130917 1.137344
20130918 1.137344
20130918 1.137344
20130918 1.137344
20130918 1.137344
20130919 1.137344
20130919 1.137344
20130919 1.234131
20130919 1.234131
20130919 1.234131
20130920 1.234131
20130920 1.234131
20130920 1.234131
20130921 1.234131
20130921 1.234131
20130921 1.234131
20130921 1.234131
20130922 1.234131
20130922 1.234131
20130922 1.234131
20130922 1.234131
20130923 1.174535
20130923 1.174535
20130923 1.174535
20130923 1.174535
20130924 1.174535
20130924 1.174535
20130924 1.174535
20130924 1.174535
20130925 1.174535
20130925 1.174535
20130925 1.174535
20130925 1.174535
20130925 1.174535
20130926 1.174535
20130926 1.288348
20130926 1.288348
20130926 1.288348
20130927 1.288348
20130927 1.288348
20130927 1.288348
20130927 1.288348
20130928 1.288348
20130928 1.288348
20130928 1.288348
20130929 1.288348
20130929 1.288348
20130929 1.288348
20130929 1.288348
20130930 1.172137
20130930 1.172137
20130930 1.172137
20130930 1.172137
20131001 1.172137
20131001 1.172137
20131001 1.172137
20131001 1.172137
20131002 1.172137
20131002 1.172137
20131002 1.172137
20131002 1.172137
20131003 1.172137
20131003 1.172137
20131003 1.168410
20131003 1.168410
20131004 1.168410
20131004 1.168410
20131004 1.168410
20131004 1.168410
20131005 1.168410
20131005 1.168410
20131005 1.168410
20131005 1.168410
20131006 1.168410
20131006 1.168410
20131006 1.168410
20131006 1.168410
20131007 1.146328
20131007 1.146328
20131007 1.146328
20131007 1.146328
20131008 1.146328
20131008 1.146328
20131008 1.146328
20131008 1.146328
20131009 1.146328
20131009 1.146328
20131009 1.146328
20131010 1.146328
20131010 1.146328
20131010 1.146328
20131010 1.116867
20131011 1.116867
20131011 1.116867
20131011 1.116867
20131011 1.116867
20131012 1.116867
20131012 1.116867
20131012 1.116867
20131012 1.116867
20131013 1.116867
20131013 1.116867
20131013 1.116867
20131013 1.116867
20131014 1.116867
20131014 1.089795
20131014 1.089795
20131014 1.089795
20131015 1.089795
20131015 1.089795
20131015 1.089795
20131015 1.089795
20131015 1.089795
20131016 1.089795
20131016 1.089795
20131016 1.089795
20131016 1.089795
20131017 1.089795
20131017 1.089795
20131017 1.136142
20131018 1.136142
20131018 1.136142
20131018 1.136142
20131018 1.136142
20131018 1.136142
20131019 1.136142
20131019 1.136142
20131019 1.136142
20131019 1.136142
20131020 1.136142
20131020 1.136142
20131020 1.136142
20131020 1.136142
20131021 1.161308
20131021 1.161308
20131021 1.161308
20131022 1.161308
20131022 1.161308
20131022 1.161308
20131022 1.161308
20131023 1.161308
20131023 1.161308
20131023 1.161308
20131023 1.161308
20131024 1.161308
20131024 1.161308
20131024 1.161308
20131024 1.105267
20131025 1.105267
20131025 1.105267
20131025 1.105267
20131025 1.105267
20131025 1.105267
20131026 1.105267
20131026 1.105267
20131026 1.105267
20131026 1.105267
20131027 1.105267
20131027 1.105267
20131027 1.105267
20131027 1.105267
20131027 1.273660
20131028 1.273660
20131028 1.273660
20131028 1.273660
20131028 1.273660
20131029 1.273660
20131029 1.273660
20131029 1.273660
20131029 1.273660
20131030 1.273660
20131030 1.273660
20131030 1.273660
20131031 1.273660
20131031 1.273660
20131031 1.189781
20131031 1.189781
20131101 1.189781
20131101 1.189781
20131101 1.189781
20131101 1.189781
20131102 1.189781
20131102 1.189781
20131102 1.189781
20131103 1.189781
20131103 1.189781
20131103 1.189781
20131103 1.189781
20131103 1.189781
20131104 1.164192
20131104 1.164192
20131104 1.164192
20131104 1.164192
20131105 1.164192
20131105 1.164192
20131105 1.164192
20131105 1.164192
20131106 1.164192
20131106 1.164192
20131106 1.164192
20131106 1.164192
20131107 1.164192
20131107 1.164192
20131107 1.226024
20131107 1.226024
20131108 1.226024
20131108 1.226024
20131108 1.226024
20131108 1.226024
20131108 1.226024
20131109 1.226024
20131109 1.226024
20131109 1.226024
20131109 1.226024
20131110 1.226024
20131110 1.226024
20131110 1.226024
20131110 1.387402
20131110 1.387402
20131111 1.387402
20131111 1.387402
20131111 1.387402
20131111 1.387402
20131112 1.387402
20131112 1.387402
20131112 1.387402
20131112 1.387402
20131113 1.387402
20131113 1.387402
20131113 1.387402
20131113 1.387402
20131114 1.363474
20131114 1.363474
20131114 1.363474
20131114 1.363474
20131115 1.363474
20131115 1.363474
20131115 1.363474
20131115 1.363474
20131116 1.363474
20131116 1.363474
20131116 1.363474
20131116 1.363474
20131117 1.363474
20131117 1.363474
20131117 1.444073
20131117 1.444073
20131118 1.444073
20131118 1.444073
20131118 1.444073
20131118 1.444073
