20111013 -nan
20111013 -nan
20111013 -nan
20111013 -nan
20111013 -nan
20111013 -nan
20111013 -nan
20111013 -nan
20111013 -nan
20111013 -nan
20111013 -nan
20111013 -nan
20111013 -nan
20111013 -nan
20111013 -nan
20111013 -nan
20111013 -nan
20111013 -nan
20111013 -nan
20111013 -nan
20111013 -nan
20111013 -nan
20111013 -nan
20111013 -nan
20111013 -nan
20111013 -nan
20111013 -nan
20111013 -nan
20111013 -nan
20111013 -nan
20111013 -nan
20111013 -nan
20111013 -nan
20111013 -nan
20111013 -nan
20111013 -nan
20111013 -nan
20111013 -nan
20111013 -nan
20111013 -nan
20111013 -nan
20111013 0.000008
20111013 0.000008
20111013 0.000008
20111013 0.000008
20111013 0.000008
20111013 0.000008
20111013 0.000008
20111013 0.000008
20111013 0.000008
20111013 0.000008
20111013 0.000008
20111013 0.000008
20111013 0.000008
20111013 0.000008
20111013 0.000042
20111013 0.000042
20111013 0.000042
20111013 0.000042
20111013 0.000042
20111013 0.000042
20111013 0.000042
20111013 0.000042
20111013 0.000042
20111013 0.000042
20111013 0.000042
20111013 0.000042
20111014 0.000042
20111014 0.000042
20111014 0.000172
20111014 0.000172
20111014 0.000172
20111014 0.000172
20111014 0.000172
20111014 0.000172
20111015 0.000172
20111015 0.000172
20111015 0.000172
20111015 0.000172
20111015 0.000172
20111016 0.000172
20111016 0.000172
20111016 0.000172
20111016 0.000250
20111016 0.000250
20111016 0.000250
20111017 0.000250
20111017 0.000250
20111017 0.000250
20111017 0.000250
20111017 0.000250
20111017 0.000250
20111018 0.000250
20111018 0.000250
20111018 0.000250
20111018 0.000250
20111018 0.000250
20111019 0.000349
20111019 0.000349
20111019 0.000349
20111019 0.000349
20111019 0.000349
20111020 0.000349
20111020 0.000349
20111020 0.000349
20111020 0.000349
20111020 0.000349
20111021 0.000349
20111021 0.000349
20111021 0.000349
20111021 0.000349
20111021 0.000466
20111021 0.000466
20111022 0.000466
20111022 0.000466
20111022 0.000466
20111022 0.000466
20111022 0.000466
20111023 0.000466
20111023 0.000466
20111023 0.000466
20111023 0.000466
20111023 0.000466
20111023 0.000466
20111024 0.000466
20111024 0.000610
20111024 0.000610
20111024 0.000610
20111025 0.000610
20111025 0.000610
20111025 0.000610
20111026 0.000610
20111026 0.000610
20111026 0.000610
20111026 0.000610
20111027 0.000610
20111027 0.000610
20111027 0.000610
20111028 0.000610
20111028 0.000519
20111028 0.000519
20111029 0.000519
20111029 0.000519
20111029 0.000519
20111029 0.000519
20111029 0.000519
20111030 0.000519
20111030 0.000519
20111030 0.000519
20111030 0.000519
20111030 0.000519
20111031 0.000519
20111031 0.000519
20111031 0.000560
20111031 0.000560
20111101 0.000560
20111101 0.000560
20111101 0.000560
20111101 0.000560
20111101 0.000560
20111101 0.000560
20111102 0.000560
20111102 0.000560
20111102 0.000560
20111102 0.000560
20111102 0.000560
20111102 0.000560
20111102 0.001054
20111102 0.001054
20111102 0.001054
20111103 0.001054
20111103 0.001054
20111103 0.001054
20111103 0.001054
20111103 0.001054
20111103 0.001054
20111104 0.001054
20111104 0.001054
20111104 0.001054
20111104 0.001054
20111104 0.001054
20111104 0.001714
20111104 0.001714
20111105 0.001714
20111105 0.001714
20111105 0.001714
20111105 0.001714
20111106 0.001714
20111106 0.001714
20111106 0.001714
20111106 0.001714
20111107 0.001714
20111107 0.001714
20111107 0.001714
20111107 0.001714
20111108 0.001780
20111108 0.001780
20111108 0.001780
20111108 0.001780
20111109 0.001780
20111109 0.001780
20111109 0.001780
20111109 0.001780
20111110 0.001780
20111110 0.001780
20111110 0.001780
20111111 0.001780
20111111 0.001780
20111111 0.001780
20111111 0.001667
20111112 0.001667
20111112 0.001667
20111112 0.001667
20111112 0.001667
20111113 0.001667
20111113 0.001667
20111113 0.001667
20111113 0.001667
20111114 0.001667
20111114 0.001667
20111114 0.001667
20111114 0.001667
20111115 0.001667
20111115 0.001681
20111115 0.001681
20111115 0.001681
20111116 0.001681
20111116 0.001681
20111116 0.001681
20111116 0.001681
20111117 0.001681
20111117 0.001681
20111117 0.001681
20111117 0.001681
20111117 0.001681
20111118 0.001681
20111118 0.001681
20111118 0.001767
20111118 0.001767
20111119 0.001767
20111119 0.001767
20111119 0.001767
20111119 0.001767
20111120 0.001767
20111120 0.001767
20111120 0.001767
20111120 0.001767
20111120 0.001767
20111121 0.001767
20111121 0.001767
20111121 0.001767
20111121 0.001853
20111122 0.001853
20111122 0.001853
20111122 0.001853
20111122 0.001853
20111123 0.001853
20111123 0.001853
20111123 0.001853
20111123 0.001853
20111124 0.001853
20111124 0.001853
20111124 0.001853
20111125 0.001853
20111125 0.001853
20111125 0.001775
20111125 0.001775
20111126 0.001775
20111126 0.001775
20111126 0.001775
20111126 0.001775
20111127 0.001775
20111127 0.001775
20111127 0.001775
20111127 0.001775
20111128 0.001775
20111128 0.001775
20111128 0.001775
20111128 0.001775
20111128 0.001847
20111129 0.001847
20111129 0.001847
20111129 0.001847
20111129 0.001847
20111130 0.001847
20111130 0.001847
20111130 0.001847
20111130 0.001847
20111130 0.001847
20111201 0.001847
20111201 0.001847
20111201 0.001847
20111201 0.001847
20111202 0.002124
20111202 0.002124
20111202 0.002124
20111202 0.002124
20111202 0.002124
20111202 0.002124
20111203 0.002124
20111203 0.002124
20111203 0.002124
20111203 0.002124
20111203 0.002124
20111204 0.002124
20111204 0.002124
20111204 0.002124
20111204 0.002734
20111205 0.002734
20111205 0.002734
20111205 0.002734
20111205 0.002734
20111206 0.002734
20111206 0.002734
20111206 0.002734
20111206 0.002734
20111207 0.002734
20111207 0.002734
20111207 0.002734
20111207 0.002734
20111208 0.002734
20111208 0.002654
20111208 0.002654
20111208 0.002654
20111209 0.002654
20111209 0.002654
20111209 0.002654
20111210 0.002654
20111210 0.002654
20111210 0.002654
20111210 0.002654
20111211 0.002654
20111211 0.002654
20111211 0.002654
20111211 0.002654
20111211 0.002538
20111212 0.002538
20111212 0.002538
20111212 0.002538
20111212 0.002538
20111213 0.002538
20111213 0.002538
20111214 0.002538
20111214 0.002538
20111214 0.002538
20111215 0.002538
20111215 0.002538
20111215 0.002538
20111216 0.002538
20111216 0.002000
20111216 0.002000
20111216 0.002000
20111217 0.002000
20111217 0.002000
20111217 0.002000
20111217 0.002000
20111218 0.002000
20111218 0.002000
20111218 0.002000
20111218 0.002000
20111218 0.002000
20111219 0.002000
20111219 0.002000
20111219 0.002147
20111219 0.002147
20111220 0.002147
20111220 0.002147
20111220 0.002147
20111221 0.002147
20111221 0.002147
20111221 0.002147
20111221 0.002147
20111221 0.002147
20111222 0.002147
20111222 0.002147
20111222 0.002147
20111222 0.002147
20111222 0.002404
20111223 0.002404
20111223 0.002404
20111223 0.002404
20111224 0.002404
20111224 0.002404
20111225 0.002404
20111225 0.002404
20111226 0.002404
20111226 0.002404
20111227 0.002404
20111227 0.002404
20111228 0.002404
20111228 0.002404
20111228 0.001389
20111229 0.001389
20111229 0.001389
20111229 0.001389
20111229 0.001389
20111229 0.001389
20111229 0.001389
20111229 0.001389
20111229 0.001389
20111229 0.001389
20111230 0.001389
20111230 0.001389
20111230 0.001389
20111230 0.001389
20111230 0.002954
20111230 0.002954
20111230 0.002954
20111231 0.002954
20111231 0.002954
20111231 0.002954
20111231 0.002954
20120101 0.002954
20120101 0.002954
20120101 0.002954
20120102 0.002954
20120102 0.002954
20120102 0.002954
20120102 0.002954
20120102 0.003056
20120103 0.003056
20120103 0.003056
20120103 0.003056
20120103 0.003056
20120104 0.003056
20120104 0.003056
20120104 0.003056
20120104 0.003056
20120104 0.003056
20120105 0.003056
20120105 0.003056
20120105 0.003056
20120105 0.003056
20120106 0.003358
20120106 0.003358
20120106 0.003358
20120106 0.003358
20120107 0.003358
20120107 0.003358
20120107 0.003358
20120108 0.003358
20120108 0.003358
20120109 0.003358
20120110 0.003358
20120111 0.003358
20120111 0.003358
20120112 0.003358
20120112 0.001803
20120112 0.001803
20120112 0.001803
20120113 0.001803
20120113 0.001803
20120113 0.001803
20120113 0.001803
20120113 0.001803
20120113 0.001803
20120113 0.001803
20120114 0.001803
20120114 0.001803
20120114 0.001803
20120114 0.001803
20120114 0.003173
20120114 0.003173
20120115 0.003173
20120115 0.003173
20120116 0.003173
20120116 0.003173
20120116 0.003173
20120117 0.003173
20120118 0.003173
20120118 0.003173
20120119 0.003173
20120120 0.003173
20120120 0.003173
20120121 0.003173
20120122 0.001453
20120122 0.001453
20120122 0.001453
20120123 0.001453
20120123 0.001453
20120123 0.001453
20120123 0.001453
20120124 0.001453
20120124 0.001453
20120124 0.001453
20120125 0.001453
20120125 0.001453
20120125 0.001453
20120125 0.001453
20120126 0.001298
20120126 0.001298
20120126 0.001298
20120126 0.001298
20120127 0.001298
20120127 0.001298
20120127 0.001298
20120127 0.001298
20120127 0.001298
20120128 0.001298
20120128 0.001298
20120128 0.001298
20120128 0.001298
20120128 0.001298
20120128 0.001622
20120129 0.001622
20120129 0.001622
20120129 0.001622
20120129 0.001622
20120129 0.001622
20120129 0.001622
20120129 0.001622
20120130 0.001622
20120130 0.001622
20120130 0.001622
20120130 0.001622
20120130 0.001622
20120130 0.001622
20120130 0.002865
20120131 0.002865
20120131 0.002865
20120201 0.002865
20120201 0.002865
20120201 0.002865
20120202 0.002865
20120202 0.002865
20120202 0.002865
20120202 0.002865
20120202 0.002865
20120203 0.002865
20120203 0.002865
20120203 0.002865
20120203 0.002682
20120203 0.002682
20120204 0.002682
20120204 0.002682
20120204 0.002682
20120204 0.002682
20120204 0.002682
20120204 0.002682
20120205 0.002682
20120205 0.002682
20120205 0.002682
20120205 0.002682
20120205 0.002682
20120205 0.002682
20120206 0.003960
20120206 0.003960
20120206 0.003960
20120206 0.003960
20120207 0.003960
20120207 0.003960
20120207 0.003960
20120207 0.003960
20120207 0.003960
20120208 0.003960
20120208 0.003960
20120208 0.003960
20120208 0.003960
20120209 0.003960
20120209 0.004138
20120209 0.004138
20120209 0.004138
20120210 0.004138
20120210 0.004138
20120210 0.004138
20120210 0.004138
20120211 0.004138
20120211 0.004138
20120211 0.004138
20120211 0.004138
20120212 0.004138
20120212 0.004138
20120212 0.004138
20120212 0.004235
20120213 0.004235
20120213 0.004235
20120213 0.004235
20120213 0.004235
20120214 0.004235
20120214 0.004235
20120214 0.004235
20120214 0.004235
20120214 0.004235
20120215 0.004235
20120215 0.004235
20120215 0.004235
20120215 0.004235
20120216 0.004415
20120216 0.004415
20120216 0.004415
20120216 0.004415
20120217 0.004415
20120217 0.004415
20120217 0.004415
20120217 0.004415
20120218 0.004415
20120218 0.004415
20120218 0.004415
20120218 0.004415
20120219 0.004415
20120219 0.004415
20120219 0.004626
20120219 0.004626
20120220 0.004626
20120220 0.004626
20120220 0.004626
20120220 0.004626
20120221 0.004626
20120221 0.004626
20120221 0.004626
20120221 0.004626
20120221 0.004626
20120222 0.004626
20120222 0.004626
20120222 0.004626
20120222 0.004789
20120223 0.004789
20120223 0.004789
20120223 0.004789
20120223 0.004789
20120224 0.004789
20120224 0.004789
20120224 0.004789
20120224 0.004789
20120225 0.004789
20120225 0.004789
20120225 0.004789
20120225 0.004789
20120226 0.004789
20120226 0.004831
20120226 0.004831
20120226 0.004831
20120227 0.004831
20120227 0.004831
20120227 0.004831
20120228 0.004831
20120228 0.004831
20120228 0.004831
20120229 0.004831
20120229 0.004831
20120229 0.004831
20120301 0.004831
20120301 0.004831
20120301 0.003774
20120302 0.003774
20120302 0.003774
20120302 0.003774
20120302 0.003774
20120302 0.003774
20120303 0.003774
20120303 0.003774
20120303 0.003774
20120303 0.003774
20120303 0.003774
20120303 0.003774
20120303 0.003774
20120304 0.003774
20120304 0.005685
20120304 0.005685
20120304 0.005685
20120304 0.005685
20120305 0.005685
20120305 0.005685
20120305 0.005685
20120305 0.005685
20120306 0.005685
20120306 0.005685
20120306 0.005685
20120307 0.005685
20120307 0.005685
20120308 0.005685
20120308 0.004665
20120308 0.004665
20120309 0.004665
20120309 0.004665
20120309 0.004665
20120310 0.004665
20120310 0.004665
20120311 0.004665
20120311 0.004665
20120311 0.004665
20120312 0.004665
20120312 0.004665
20120312 0.004665
20120313 0.004665
20120313 0.003328
20120313 0.003328
20120313 0.003328
20120313 0.003328
20120314 0.003328
20120314 0.003328
20120314 0.003328
20120314 0.003328
20120314 0.003328
20120315 0.003328
20120315 0.003328
20120315 0.003328
20120315 0.003328
20120315 0.003328
20120316 0.004066
20120316 0.004066
20120316 0.004066
20120316 0.004066
20120317 0.004066
20120317 0.004066
20120317 0.004066
20120317 0.004066
20120318 0.004066
20120318 0.004066
20120318 0.004066
20120318 0.004066
20120319 0.004066
20120319 0.004066
20120319 0.004407
20120319 0.004407
20120319 0.004407
20120320 0.004407
20120320 0.004407
20120320 0.004407
20120320 0.004407
20120320 0.004407
20120321 0.004407
20120321 0.004407
20120321 0.004407
20120321 0.004407
20120321 0.004407
20120322 0.004407
20120322 0.005444
20120322 0.005444
20120322 0.005444
20120323 0.005444
20120323 0.005444
20120323 0.005444
20120323 0.005444
20120324 0.005444
20120324 0.005444
20120324 0.005444
20120325 0.005444
20120325 0.005444
20120325 0.005444
20120326 0.005444
20120326 0.004756
20120326 0.004756
20120326 0.004756
20120327 0.004756
20120327 0.004756
20120327 0.004756
20120327 0.004756
20120328 0.004756
20120328 0.004756
20120328 0.004756
20120328 0.004756
20120329 0.004756
20120329 0.004756
20120329 0.004756
20120329 0.004848
20120329 0.004848
20120330 0.004848
20120330 0.004848
20120330 0.004848
20120330 0.004848
20120331 0.004848
20120331 0.004848
20120331 0.004848
20120331 0.004848
20120401 0.004848
20120401 0.004848
20120401 0.004848
20120401 0.004848
20120402 0.004950
20120402 0.004950
20120402 0.004950
20120402 0.004950
20120403 0.004950
20120403 0.004950
20120403 0.004950
20120404 0.004950
20120404 0.004950
20120404 0.004950
20120404 0.004950
20120405 0.004950
20120405 0.004950
20120405 0.004950
20120406 0.004404
20120406 0.004404
20120406 0.004404
20120406 0.004404
20120407 0.004404
20120407 0.004404
20120407 0.004404
20120407 0.004404
20120408 0.004404
20120408 0.004404
20120408 0.004404
20120408 0.004404
20120408 0.004404
20120409 0.004404
20120409 0.004670
20120409 0.004670
20120409 0.004670
20120410 0.004670
20120410 0.004670
20120410 0.004670
20120410 0.004670
20120410 0.004670
20120411 0.004670
20120411 0.004670
20120411 0.004670
20120412 0.004670
20120412 0.004670
20120412 0.004670
20120412 0.004795
20120413 0.004795
20120413 0.004795
20120413 0.004795
20120413 0.004795
20120414 0.004795
20120414 0.004795
20120414 0.004795
20120414 0.004795
20120415 0.004795
20120415 0.004795
20120415 0.004795
20120415 0.004795
20120416 0.004795
20120416 0.004717
20120416 0.004717
20120416 0.004717
20120417 0.004717
20120417 0.004717
20120417 0.004717
20120417 0.004717
20120418 0.004717
20120418 0.004717
20120418 0.004717
20120418 0.004717
20120419 0.004717
20120419 0.004717
20120419 0.004717
20120420 0.004484
20120420 0.004484
20120420 0.004484
20120420 0.004484
20120421 0.004484
20120421 0.004484
20120421 0.004484
20120421 0.004484
20120422 0.004484
20120422 0.004484
20120422 0.004484
20120423 0.004484
20120423 0.004484
20120423 0.004484
20120423 0.004124
20120424 0.004124
20120424 0.004124
20120424 0.004124
20120424 0.004124
20120424 0.004124
20120425 0.004124
20120425 0.004124
20120425 0.004124
20120426 0.004124
20120426 0.004124
20120426 0.004124
20120427 0.004124
20120427 0.004124
20120427 0.003702
20120427 0.003702
20120428 0.003702
20120428 0.003702
20120428 0.003702
20120429 0.003702
20120429 0.003702
20120429 0.003702
20120429 0.003702
20120430 0.003702
20120430 0.003702
20120430 0.003702
20120430 0.003702
20120501 0.003702
20120501 0.003505
20120501 0.003505
20120501 0.003505
20120502 0.003505
20120502 0.003505
20120502 0.003505
20120502 0.003505
20120502 0.003505
20120503 0.003505
20120503 0.003505
20120503 0.003505
20120504 0.003505
20120504 0.003505
20120504 0.003505
20120504 0.003497
20120505 0.003497
20120505 0.003497
20120505 0.003497
20120506 0.003497
20120506 0.003497
20120506 0.003497
20120506 0.003497
20120507 0.003497
20120507 0.003497
20120507 0.003497
20120507 0.003497
20120508 0.003497
20120508 0.003497
20120508 0.003248
20120508 0.003248
20120509 0.003248
20120509 0.003248
20120509 0.003248
20120509 0.003248
20120510 0.003248
20120510 0.003248
20120510 0.003248
20120510 0.003248
20120511 0.003248
20120511 0.003248
20120511 0.003248
20120511 0.003248
20120512 0.003223
20120512 0.003223
20120512 0.003223
20120513 0.003223
20120513 0.003223
20120513 0.003223
20120513 0.003223
20120513 0.003223
20120514 0.003223
20120514 0.003223
20120514 0.003223
20120514 0.003223
20120515 0.003223
20120515 0.003223
20120515 0.003206
20120516 0.003206
20120516 0.003206
20120516 0.003206
20120516 0.003206
20120517 0.003206
20120517 0.003206
20120517 0.003206
20120518 0.003206
20120518 0.003206
20120518 0.003206
20120519 0.003206
20120519 0.003206
20120519 0.003206
20120519 0.002712
20120520 0.002712
20120520 0.002712
20120520 0.002712
20120520 0.002712
20120521 0.002712
20120521 0.002712
20120521 0.002712
20120521 0.002712
20120521 0.002712
20120522 0.002712
20120522 0.002712
20120522 0.002712
20120522 0.002712
20120523 0.002948
20120523 0.002948
20120523 0.002948
20120523 0.002948
20120524 0.002948
20120524 0.002948
20120524 0.002948
20120524 0.002948
20120524 0.002948
20120525 0.002948
20120525 0.002948
20120525 0.002948
20120525 0.002948
20120526 0.002948
20120526 0.003306
20120526 0.003306
20120526 0.003306
20120527 0.003306
20120527 0.003306
20120527 0.003306
20120527 0.003306
20120528 0.003306
20120528 0.003306
20120528 0.003306
20120529 0.003306
20120529 0.003306
20120529 0.003306
20120529 0.003306
20120530 0.002870
20120530 0.002870
20120530 0.002870
20120530 0.002870
20120531 0.002870
20120531 0.002870
20120531 0.002870
20120531 0.002870
20120601 0.002870
20120601 0.002870
20120601 0.002870
20120601 0.002870
20120602 0.002870
20120602 0.002870
20120602 0.002856
20120602 0.002856
20120603 0.002856
20120603 0.002856
20120603 0.002856
20120603 0.002856
20120604 0.002856
20120604 0.002856
20120604 0.002856
20120605 0.002856
20120605 0.002856
20120605 0.002856
20120605 0.002856
20120605 0.002856
20120606 0.002970
20120606 0.002970
20120606 0.002970
20120606 0.002970
20120607 0.002970
20120607 0.002970
20120607 0.002970
20120607 0.002970
20120608 0.002970
20120608 0.002970
20120608 0.002970
20120608 0.002970
20120609 0.002970
20120609 0.002970
20120609 0.003112
20120609 0.003112
20120609 0.003112
20120610 0.003112
20120610 0.003112
20120610 0.003112
20120610 0.003112
20120611 0.003112
20120611 0.003112
20120611 0.003112
20120612 0.003112
20120612 0.003112
20120612 0.003112
20120612 0.003112
20120612 0.003095
20120613 0.003095
20120613 0.003095
20120613 0.003095
20120613 0.003095
20120614 0.003095
20120614 0.003095
20120614 0.003095
20120614 0.003095
20120615 0.003095
20120615 0.003095
20120615 0.003095
20120615 0.003095
20120616 0.003095
20120616 0.003284
20120616 0.003284
20120616 0.003284
20120617 0.003284
20120617 0.003284
20120617 0.003284
20120617 0.003284
20120618 0.003284
20120618 0.003284
20120618 0.003284
20120618 0.003284
20120619 0.003284
20120619 0.003284
20120619 0.003284
20120619 0.003170
20120620 0.003170
20120620 0.003170
20120620 0.003170
20120621 0.003170
20120621 0.003170
20120621 0.003170
20120621 0.003170
20120621 0.003170
20120622 0.003170
20120622 0.003170
20120622 0.003170
20120622 0.003170
20120623 0.003170
20120623 0.003272
20120623 0.003272
20120623 0.003272
20120623 0.003272
20120624 0.003272
20120624 0.003272
20120624 0.003272
20120624 0.003272
20120624 0.003272
20120624 0.003272
20120625 0.003272
20120625 0.003272
20120625 0.003272
20120625 0.003272
20120625 0.004554
20120626 0.004554
20120626 0.004554
20120626 0.004554
20120626 0.004554
20120626 0.004554
20120627 0.004554
20120627 0.004554
20120627 0.004554
20120627 0.004554
20120628 0.004554
20120628 0.004554
20120628 0.004554
20120628 0.004554
20120628 0.005200
20120629 0.005200
20120629 0.005200
20120629 0.005200
20120629 0.005200
20120629 0.005200
20120630 0.005200
20120630 0.005200
20120630 0.005200
20120630 0.005200
20120701 0.005200
20120701 0.005200
20120701 0.005200
20120701 0.005200
20120702 0.005821
20120702 0.005821
20120702 0.005821
20120702 0.005821
20120702 0.005821
20120703 0.005821
20120703 0.005821
20120703 0.005821
20120703 0.005821
20120704 0.005821
20120704 0.005821
20120704 0.005821
20120704 0.005821
20120704 0.005821
20120705 0.006767
20120705 0.006767
20120705 0.006767
20120705 0.006767
20120705 0.006767
20120706 0.006767
20120706 0.006767
20120706 0.006767
20120706 0.006767
20120706 0.006767
20120706 0.006767
20120707 0.006767
20120707 0.006767
20120707 0.006767
20120707 0.009432
20120707 0.009432
20120707 0.009432
20120708 0.009432
20120708 0.009432
20120708 0.009432
20120708 0.009432
20120708 0.009432
20120708 0.009432
20120708 0.009432
20120709 0.009432
20120709 0.009432
20120709 0.009432
20120709 0.009432
20120709 0.016077
20120709 0.016077
20120710 0.016077
20120710 0.016077
20120710 0.016077
20120710 0.016077
20120710 0.016077
20120711 0.016077
20120711 0.016077
20120711 0.016077
20120711 0.016077
20120712 0.016077
20120712 0.016077
20120712 0.016077
20120713 0.016313
20120713 0.016313
20120713 0.016313
20120713 0.016313
20120714 0.016313
20120714 0.016313
20120714 0.016313
20120714 0.016313
20120715 0.016313
20120715 0.016313
20120715 0.016313
20120715 0.016313
20120715 0.016313
20120716 0.016313
20120716 0.017111
20120716 0.017111
20120716 0.017111
20120717 0.017111
20120717 0.017111
20120717 0.017111
20120717 0.017111
20120718 0.017111
20120718 0.017111
20120718 0.017111
20120718 0.017111
20120718 0.017111
20120719 0.017111
20120719 0.017111
20120719 0.018548
20120719 0.018548
20120720 0.018548
20120720 0.018548
20120720 0.018548
20120720 0.018548
20120721 0.018548
20120721 0.018548
20120721 0.018548
20120721 0.018548
20120721 0.018548
20120722 0.018548
20120722 0.018548
20120722 0.018548
20120722 0.019818
20120723 0.019818
20120723 0.019818
20120723 0.019818
20120723 0.019818
20120724 0.019818
20120724 0.019818
20120724 0.019818
20120724 0.019818
20120724 0.019818
20120725 0.019818
20120725 0.019818
20120725 0.019818
20120725 0.019818
20120725 0.023204
20120726 0.023204
20120726 0.023204
20120726 0.023204
20120726 0.023204
20120727 0.023204
20120727 0.023204
20120727 0.023204
20120727 0.023204
20120728 0.023204
20120728 0.023204
20120728 0.023204
20120728 0.023204
20120728 0.023204
20120729 0.024624
20120729 0.024624
20120729 0.024624
20120729 0.024624
20120730 0.024624
20120730 0.024624
20120730 0.024624
20120730 0.024624
20120730 0.024624
20120731 0.024624
20120731 0.024624
20120731 0.024624
20120731 0.024624
20120731 0.024624
20120801 0.028928
20120801 0.028928
20120801 0.028928
20120801 0.028928
20120802 0.028928
20120802 0.028928
20120802 0.028928
20120802 0.028928
20120803 0.028928
20120803 0.028928
20120803 0.028928
20120803 0.028928
20120804 0.028928
20120804 0.028928
20120804 0.029339
20120804 0.029339
20120805 0.029339
20120805 0.029339
20120805 0.029339
20120806 0.029339
20120806 0.029339
20120806 0.029339
20120806 0.029339
20120807 0.029339
20120807 0.029339
20120807 0.029339
20120808 0.029339
20120808 0.029339
20120808 0.024497
20120809 0.024497
20120809 0.024497
20120809 0.024497
20120809 0.024497
20120810 0.024497
20120810 0.024497
20120810 0.024497
20120810 0.024497
20120811 0.024497
20120811 0.024497
20120811 0.024497
20120811 0.024497
20120812 0.024497
20120812 0.024707
20120812 0.024707
20120812 0.024707
20120813 0.024707
20120813 0.024707
20120813 0.024707
20120813 0.024707
20120814 0.024707
20120814 0.024707
20120814 0.024707
20120814 0.024707
20120815 0.024707
20120815 0.024707
20120815 0.024707
20120815 0.025190
20120815 0.025190
20120816 0.025190
20120816 0.025190
20120816 0.025190
20120817 0.025190
20120817 0.025190
20120817 0.025190
20120817 0.025190
20120818 0.025190
20120818 0.025190
20120818 0.025190
20120818 0.025190
20120819 0.025190
20120819 0.023548
20120819 0.023548
20120819 0.023548
20120820 0.023548
20120820 0.023548
20120820 0.023548
20120820 0.023548
20120821 0.023548
20120821 0.023548
20120821 0.023548
20120821 0.023548
20120822 0.023548
20120822 0.023548
20120822 0.023548
20120823 0.022586
20120823 0.022586
20120823 0.022586
20120823 0.022586
20120824 0.022586
20120824 0.022586
20120824 0.022586
20120824 0.022586
20120825 0.022586
20120825 0.022586
20120825 0.022586
20120825 0.022586
20120825 0.022586
20120826 0.022586
20120826 0.024430
20120826 0.024430
20120826 0.024430
20120827 0.024430
20120827 0.024430
20120827 0.024430
20120827 0.024430
20120828 0.024430
20120828 0.024430
20120828 0.024430
20120828 0.024430
20120829 0.024430
20120829 0.024430
20120829 0.024430
20120829 0.023762
20120830 0.023762
20120830 0.023762
20120830 0.023762
20120830 0.023762
20120831 0.023762
20120831 0.023762
20120831 0.023762
20120831 0.023762
20120901 0.023762
20120901 0.023762
20120901 0.023762
20120901 0.023762
20120902 0.023762
20120902 0.024876
20120902 0.024876
20120902 0.024876
20120902 0.024876
20120903 0.024876
20120903 0.024876
20120903 0.024876
20120904 0.024876
20120904 0.024876
20120904 0.024876
20120904 0.024876
20120905 0.024876
20120905 0.024876
20120905 0.024876
20120905 0.024594
20120906 0.024594
20120906 0.024594
20120906 0.024594
20120906 0.024594
20120906 0.024594
20120907 0.024594
20120907 0.024594
20120907 0.024594
20120907 0.024594
20120908 0.024594
20120908 0.024594
20120908 0.024594
20120908 0.024594
20120909 0.026080
20120909 0.026080
20120909 0.026080
20120909 0.026080
20120910 0.026080
20120910 0.026080
20120910 0.026080
20120910 0.026080
20120911 0.026080
20120911 0.026080
20120911 0.026080
20120912 0.026080
20120912 0.026080
20120912 0.026080
20120912 0.025284
20120912 0.025284
20120913 0.025284
20120913 0.025284
20120913 0.025284
20120914 0.025284
20120914 0.025284
20120914 0.025284
20120914 0.025284
20120915 0.025284
20120915 0.025284
20120915 0.025284
20120915 0.025284
20120916 0.025284
20120916 0.023687
20120916 0.023687
20120916 0.023687
20120917 0.023687
20120917 0.023687
20120917 0.023687
20120917 0.023687
20120918 0.023687
20120918 0.023687
20120918 0.023687
20120918 0.023687
20120919 0.023687
20120919 0.023687
20120919 0.023687
20120919 0.024516
20120920 0.024516
20120920 0.024516
20120920 0.024516
20120920 0.024516
20120920 0.024516
20120921 0.024516
20120921 0.024516
20120921 0.024516
20120921 0.024516
20120922 0.024516
20120922 0.024516
20120922 0.024516
20120922 0.024516
20120923 0.027078
20120923 0.027078
20120923 0.027078
20120923 0.027078
20120923 0.027078
20120924 0.027078
20120924 0.027078
20120924 0.027078
20120924 0.027078
20120925 0.027078
20120925 0.027078
20120925 0.027078
20120925 0.027078
20120925 0.027078
20120926 0.030684
20120926 0.030684
20120926 0.030684
20120926 0.030684
20120927 0.030684
20120927 0.030684
20120927 0.030684
20120927 0.030684
20120928 0.030684
20120928 0.030684
20120928 0.030684
20120928 0.030684
20120929 0.030684
20120929 0.030684
20120929 0.030761
20120929 0.030761
20120930 0.030761
20120930 0.030761
20120930 0.030761
20120930 0.030761
20121001 0.030761
20121001 0.030761
20121001 0.030761
20121001 0.030761
20121001 0.030761
20121002 0.030761
20121002 0.030761
20121002 0.030761
20121002 0.032326
20121003 0.032326
20121003 0.032326
20121003 0.032326
20121003 0.032326
20121004 0.032326
20121004 0.032326
20121004 0.032326
20121004 0.032326
20121004 0.032326
20121005 0.032326
20121005 0.032326
20121005 0.032326
20121005 0.032326
20121005 0.036663
20121006 0.036663
20121006 0.036663
20121006 0.036663
20121007 0.036663
20121007 0.036663
20121007 0.036663
20121007 0.036663
20121007 0.036663
20121008 0.036663
20121008 0.036663
20121008 0.036663
20121008 0.036663
20121009 0.036663
20121009 0.037661
20121009 0.037661
20121009 0.037661
20121010 0.037661
20121010 0.037661
20121010 0.037661
20121010 0.037661
20121010 0.037661
20121011 0.037661
20121011 0.037661
20121011 0.037661
20121011 0.037661
20121012 0.037661
20121012 0.037661
20121012 0.044425
20121012 0.044425
20121012 0.044425
20121012 0.044425
20121013 0.044425
20121013 0.044425
20121013 0.044425
20121013 0.044425
20121013 0.044425
20121013 0.044425
20121014 0.044425
20121014 0.044425
20121014 0.044425
20121014 0.044425
20121014 0.062862
20121015 0.062862
20121015 0.062862
20121015 0.062862
20121015 0.062862
20121016 0.062862
20121016 0.062862
20121016 0.062862
20121016 0.062862
20121017 0.062862
20121017 0.062862
20121017 0.062862
20121017 0.062862
20121018 0.062862
20121018 0.060624
20121018 0.060624
20121019 0.060624
20121019 0.060624
20121019 0.060624
20121019 0.060624
20121020 0.060624
20121020 0.060624
20121020 0.060624
20121021 0.060624
20121021 0.060624
20121021 0.060624
20121022 0.060624
20121022 0.060624
20121022 0.050738
20121022 0.050738
20121023 0.050738
20121023 0.050738
20121023 0.050738
20121023 0.050738
20121023 0.050738
20121024 0.050738
20121024 0.050738
20121024 0.050738
20121024 0.050738
20121024 0.050738
20121025 0.050738
20121025 0.050738
20121025 0.063894
20121025 0.063894
20121026 0.063894
20121026 0.063894
20121026 0.063894
20121026 0.063894
20121027 0.063894
20121027 0.063894
20121027 0.063894
20121028 0.063894
20121028 0.063894
20121028 0.063894
20121028 0.063894
20121029 0.063894
20121029 0.054490
20121029 0.054490
20121029 0.054490
20121030 0.054490
20121030 0.054490
20121030 0.054490
20121030 0.054490
20121031 0.054490
20121031 0.054490
20121031 0.054490
20121031 0.054490
20121031 0.054490
20121101 0.054490
20121101 0.054490
20121101 0.062014
20121101 0.062014
20121102 0.062014
20121102 0.062014
20121102 0.062014
20121102 0.062014
20121103 0.062014
20121103 0.062014
20121103 0.062014
20121103 0.062014
20121103 0.062014
20121104 0.062014
20121104 0.062014
20121104 0.062014
20121104 0.070561
20121104 0.070561
20121105 0.070561
20121105 0.070561
20121105 0.070561
20121105 0.070561
20121106 0.070561
20121106 0.070561
20121106 0.070561
20121107 0.070561
20121107 0.070561
20121107 0.070561
20121107 0.070561
20121108 0.070561
20121108 0.063240
20121108 0.063240
20121109 0.063240
20121109 0.063240
20121109 0.063240
20121110 0.063240
20121110 0.063240
20121110 0.063240
20121111 0.063240
20121111 0.063240
20121111 0.063240
20121111 0.063240
20121112 0.063240
20121112 0.063240
20121112 0.051259
20121113 0.051259
20121113 0.051259
20121113 0.051259
20121113 0.051259
20121114 0.051259
20121114 0.051259
20121114 0.051259
20121114 0.051259
20121114 0.051259
20121115 0.051259
20121115 0.051259
20121115 0.051259
20121115 0.051259
20121115 0.058888
20121116 0.058888
20121116 0.058888
20121116 0.058888
20121117 0.058888
20121117 0.058888
20121117 0.058888
20121117 0.058888
20121118 0.058888
20121118 0.058888
20121118 0.058888
20121119 0.058888
20121119 0.058888
20121119 0.058888
20121120 0.050860
20121120 0.050860
20121120 0.050860
20121120 0.050860
20121121 0.050860
20121121 0.050860
20121121 0.050860
20121121 0.050860
20121122 0.050860
20121122 0.050860
20121122 0.050860
20121122 0.050860
20121123 0.050860
20121123 0.050860
20121123 0.047343
20121123 0.047343
20121124 0.047343
20121124 0.047343
20121124 0.047343
20121124 0.047343
20121125 0.047343
20121125 0.047343
20121125 0.047343
20121125 0.047343
20121125 0.047343
20121126 0.047343
20121126 0.047343
20121126 0.047343
20121126 0.054853
20121127 0.054853
20121127 0.054853
20121127 0.054853
20121127 0.054853
20121128 0.054853
20121128 0.054853
20121128 0.054853
20121128 0.054853
20121128 0.054853
20121129 0.054853
20121129 0.054853
20121129 0.054853
20121129 0.054853
20121129 0.069027
20121129 0.069027
20121129 0.069027
20121130 0.069027
20121130 0.069027
20121130 0.069027
20121130 0.069027
20121130 0.069027
20121130 0.069027
20121130 0.069027
20121130 0.069027
20121201 0.069027
20121201 0.069027
20121201 0.069027
20121201 0.122136
20121201 0.122136
20121202 0.122136
20121202 0.122136
20121202 0.122136
20121203 0.122136
20121204 0.122136
20121204 0.122136
20121204 0.122136
20121205 0.122136
20121205 0.122136
20121206 0.122136
20121206 0.122136
20121207 0.122136
20121207 0.073415
20121207 0.073415
20121207 0.073415
20121207 0.073415
20121208 0.073415
20121208 0.073415
20121208 0.073415
20121208 0.073415
20121208 0.073415
20121208 0.073415
20121208 0.073415
20121209 0.073415
20121209 0.073415
20121209 0.073415
20121209 0.117247
20121209 0.117247
20121210 0.117247
20121210 0.117247
20121211 0.117247
20121211 0.117247
20121212 0.117247
20121212 0.117247
20121212 0.117247
20121213 0.117247
20121213 0.117247
20121214 0.117247
20121214 0.117247
20121214 0.117247
20121215 0.070944
20121215 0.070944
20121215 0.070944
20121215 0.070944
20121216 0.070944
20121216 0.070944
20121216 0.070944
20121216 0.070944
20121216 0.070944
20121216 0.070944
20121216 0.070944
20121216 0.070944
20121217 0.070944
20121217 0.070944
20121217 0.119524
20121217 0.119524
20121218 0.119524
20121218 0.119524
20121218 0.119524
20121219 0.119524
20121219 0.119524
20121220 0.119524
20121220 0.119524
20121220 0.119524
20121221 0.119524
20121221 0.119524
20121222 0.119524
20121222 0.119524
20121222 0.078229
20121223 0.078229
20121223 0.078229
20121223 0.078229
20121223 0.078229
20121223 0.078229
20121223 0.078229
20121224 0.078229
20121224 0.078229
20121224 0.078229
20121224 0.078229
20121224 0.078229
20121224 0.078229
20121225 0.078229
20121225 0.110960
20121225 0.110960
20121225 0.110960
20121226 0.110960
20121226 0.110960
20121226 0.110960
20121227 0.110960
20121227 0.110960
20121227 0.110960
20121228 0.110960
20121228 0.110960
20121228 0.110960
20121229 0.110960
20121229 0.110960
20121229 0.084710
20121230 0.084710
20121230 0.084710
20121230 0.084710
20121230 0.084710
20121230 0.084710
20121231 0.084710
20121231 0.084710
20121231 0.084710
20121231 0.084710
20130101 0.084710
20130101 0.084710
20130101 0.084710
20130101 0.084710
20130101 0.095185
20130102 0.095185
20130102 0.095185
20130102 0.095185
20130103 0.095185
20130103 0.095185
20130103 0.095185
20130104 0.095185
20130104 0.095185
20130104 0.095185
20130104 0.095185
20130105 0.095185
20130105 0.095185
20130106 0.095185
20130106 0.072416
20130106 0.072416
20130107 0.072416
20130107 0.072416
20130107 0.072416
20130107 0.072416
20130107 0.072416
20130108 0.072416
20130108 0.072416
20130108 0.072416
20130108 0.072416
20130109 0.072416
20130109 0.072416
20130109 0.072416
20130109 0.080872
20130109 0.080872
20130110 0.080872
20130110 0.080872
20130110 0.080872
20130111 0.080872
20130111 0.080872
20130111 0.080872
20130112 0.080872
20130112 0.080872
20130112 0.080872
20130113 0.080872
20130113 0.080872
20130113 0.080872
20130113 0.066013
20130114 0.066013
20130114 0.066013
20130114 0.066013
20130114 0.066013
20130115 0.066013
20130115 0.066013
20130115 0.066013
20130115 0.066013
20130115 0.066013
20130116 0.066013
20130116 0.066013
20130116 0.066013
20130116 0.066013
20130116 0.076765
20130117 0.076765
20130117 0.076765
20130117 0.076765
20130118 0.076765
20130118 0.076765
20130118 0.076765
20130119 0.076765
20130119 0.076765
20130120 0.076765
20130120 0.076765
20130120 0.076765
20130121 0.076765
20130121 0.076765
20130121 0.054922
20130122 0.054922
20130122 0.054922
20130122 0.054922
20130122 0.054922
20130123 0.054922
20130123 0.054922
20130123 0.054922
20130123 0.054922
20130123 0.054922
20130124 0.054922
20130124 0.054922
20130124 0.054922
20130124 0.054922
20130125 0.056905
20130125 0.056905
20130125 0.056905
20130125 0.056905
20130126 0.056905
20130126 0.056905
20130126 0.056905
20130126 0.056905
20130127 0.056905
20130127 0.056905
20130127 0.056905
20130128 0.056905
20130128 0.056905
20130128 0.056905
20130128 0.056337
20130129 0.056337
20130129 0.056337
20130129 0.056337
20130129 0.056337
20130130 0.056337
20130130 0.056337
20130130 0.056337
20130130 0.056337
20130131 0.056337
20130131 0.056337
20130131 0.056337
20130131 0.056337
20130201 0.056337
20130201 0.052518
20130201 0.052518
20130202 0.052518
20130202 0.052518
20130202 0.052518
20130202 0.052518
20130202 0.052518
20130203 0.052518
20130203 0.052518
20130203 0.052518
20130203 0.052518
20130204 0.052518
20130204 0.052518
20130204 0.052518
20130204 0.056972
20130205 0.056972
20130205 0.056972
20130205 0.056972
20130205 0.056972
20130206 0.056972
20130206 0.056972
20130206 0.056972
20130206 0.056972
20130207 0.056972
20130207 0.056972
20130207 0.056972
20130207 0.056972
20130208 0.056972
20130208 0.056941
20130208 0.056941
20130208 0.056941
20130208 0.056941
20130209 0.056941
20130209 0.056941
20130209 0.056941
20130209 0.056941
20130210 0.056941
20130210 0.056941
20130210 0.056941
20130210 0.056941
20130211 0.056941
20130211 0.056941
20130211 0.057668
20130212 0.057668
20130212 0.057668
20130212 0.057668
20130212 0.057668
20130213 0.057668
20130213 0.057668
20130213 0.057668
20130214 0.057668
20130214 0.057668
20130214 0.057668
20130215 0.057668
20130215 0.057668
20130215 0.057668
20130216 0.044298
20130216 0.044298
20130216 0.044298
20130216 0.044298
20130217 0.044298
20130217 0.044298
20130217 0.044298
20130217 0.044298
20130218 0.044298
20130218 0.044298
20130218 0.044298
20130218 0.044298
20130218 0.044298
20130219 0.044298
20130219 0.051794
20130219 0.051794
20130219 0.051794
20130220 0.051794
20130220 0.051794
20130220 0.051794
20130220 0.051794
20130221 0.051794
20130221 0.051794
20130221 0.051794
20130222 0.051794
20130222 0.051794
20130222 0.051794
20130222 0.051794
20130223 0.045768
20130223 0.045768
20130223 0.045768
20130224 0.045768
20130224 0.045768
20130224 0.045768
20130224 0.045768
20130225 0.045768
20130225 0.045768
20130225 0.045768
20130225 0.045768
20130226 0.045768
20130226 0.045768
20130226 0.045768
20130226 0.043871
20130227 0.043871
20130227 0.043871
20130227 0.043871
20130227 0.043871
20130228 0.043871
20130228 0.043871
20130228 0.043871
20130228 0.043871
20130301 0.043871
20130301 0.043871
20130301 0.043871
20130301 0.043871
20130301 0.043871
20130302 0.048818
20130302 0.048818
20130302 0.048818
20130302 0.048818
20130302 0.048818
20130302 0.048818
20130303 0.048818
20130303 0.048818
20130303 0.048818
20130303 0.048818
20130303 0.048818
20130303 0.048818
20130304 0.048818
20130304 0.048818
20130304 0.070090
20130304 0.070090
20130304 0.070090
20130305 0.070090
20130305 0.070090
20130305 0.070090
20130305 0.070090
20130305 0.070090
20130306 0.070090
20130306 0.070090
20130306 0.070090
20130306 0.070090
20130306 0.070090
20130306 0.070090
20130306 0.097689
20130307 0.097689
20130307 0.097689
20130307 0.097689
20130307 0.097689
20130308 0.097689
20130308 0.097689
20130308 0.097689
20130308 0.097689
20130309 0.097689
20130309 0.097689
20130309 0.097689
20130309 0.097689
20130309 0.097689
20130310 0.107862
20130310 0.107862
20130310 0.107862
20130310 0.107862
20130311 0.107862
20130311 0.107862
20130311 0.107862
20130311 0.107862
20130311 0.107862
20130311 0.107862
20130312 0.107862
20130312 0.107862
20130312 0.107862
20130312 0.107862
20130312 0.150291
20130312 0.150291
20130313 0.150291
20130313 0.150291
20130313 0.150291
20130313 0.150291
20130313 0.150291
20130313 0.150291
20130314 0.150291
20130314 0.150291
20130314 0.150291
20130314 0.150291
20130314 0.150291
20130314 0.150291
20130314 0.233581
20130315 0.233581
20130315 0.233581
20130315 0.233581
20130315 0.233581
20130316 0.233581
20130316 0.233581
20130316 0.233581
20130316 0.233581
20130316 0.233581
20130317 0.233581
20130317 0.233581
20130317 0.233581
20130317 0.233581
20130317 0.266661
20130318 0.266661
20130318 0.266661
20130318 0.266661
20130318 0.266661
20130319 0.266661
20130319 0.266661
20130319 0.266661
20130320 0.266661
20130320 0.266661
20130320 0.266661
20130321 0.266661
20130321 0.266661
20130322 0.266661
20130322 0.190234
20130323 0.190234
20130323 0.190234
20130323 0.190234
20130323 0.190234
20130324 0.190234
20130324 0.190234
20130324 0.190234
20130324 0.190234
20130325 0.190234
20130325 0.190234
20130325 0.190234
20130325 0.190234
20130325 0.190234
20130325 0.217177
20130326 0.217177
20130326 0.217177
20130326 0.217177
20130326 0.217177
20130326 0.217177
20130327 0.217177
20130327 0.217177
20130327 0.217177
20130327 0.217177
20130327 0.217177
20130328 0.217177
20130328 0.217177
20130328 0.217177
20130328 0.266783
20130329 0.266783
20130329 0.266783
20130329 0.266783
20130329 0.266783
20130330 0.266783
20130330 0.266783
20130330 0.266783
20130330 0.266783
20130331 0.266783
20130331 0.266783
20130331 0.266783
20130331 0.266783
20130331 0.266783
20130401 0.278841
20130401 0.278841
20130401 0.278841
20130401 0.278841
20130401 0.278841
20130402 0.278841
20130402 0.278841
20130402 0.278841
20130402 0.278841
20130402 0.278841
20130402 0.278841
20130403 0.278841
20130403 0.278841
20130403 0.278841
20130403 0.424786
20130403 0.424786
20130403 0.424786
20130404 0.424786
20130404 0.424786
20130404 0.424786
20130404 0.424786
20130404 0.424786
20130404 0.424786
20130405 0.424786
20130405 0.424786
20130405 0.424786
20130405 0.424786
20130405 0.424786
20130406 0.570687
20130406 0.570687
20130406 0.570687
20130406 0.570687
20130407 0.570687
20130407 0.570687
20130407 0.570687
20130407 0.570687
20130407 0.570687
20130408 0.570687
20130408 0.570687
20130408 0.570687
20130408 0.570687
20130408 0.570687
20130409 0.650205
20130409 0.650205
20130409 0.650205
20130409 0.650205
20130409 0.650205
20130410 0.650205
20130410 0.650205
20130410 0.650205
20130410 0.650205
20130410 0.650205
20130411 0.650205
20130411 0.650205
20130411 0.650205
20130411 0.650205
20130411 0.813586
20130412 0.813586
20130412 0.813586
20130412 0.813586
20130412 0.813586
20130413 0.813586
20130413 0.813586
20130413 0.813586
20130413 0.813586
20130414 0.813586
20130414 0.813586
20130414 0.813586
20130414 0.813586
20130414 0.813586
20130415 0.896549
20130415 0.896549
20130415 0.896549
20130415 0.896549
20130416 0.896549
20130416 0.896549
20130416 0.896549
20130416 0.896549
20130416 0.896549
20130417 0.896549
20130417 0.896549
20130417 0.896549
20130417 0.896549
20130417 0.896549
20130418 1.010493
20130418 1.010493
20130418 1.010493
20130418 1.010493
20130419 1.010493
20130419 1.010493
20130419 1.010493
20130419 1.010493
20130420 1.010493
20130420 1.010493
20130420 1.010493
20130420 1.010493
20130421 1.010493
20130421 1.010493
20130421 1.039851
20130421 1.039851
20130422 1.039851
20130422 1.039851
20130422 1.039851
20130422 1.039851
20130422 1.039851
20130423 1.039851
20130423 1.039851
20130423 1.039851
20130423 1.039851
20130424 1.039851
20130424 1.039851
20130424 1.039851
20130424 1.122703
20130425 1.122703
20130425 1.122703
20130425 1.122703
20130425 1.122703
20130426 1.122703
20130426 1.122703
20130426 1.122703
20130426 1.122703
20130426 1.122703
20130427 1.122703
20130427 1.122703
20130427 1.122703
20130427 1.122703
20130428 1.214550
20130428 1.214550
20130428 1.214550
20130428 1.214550
20130428 1.214550
20130429 1.214550
20130429 1.214550
20130429 1.214550
20130429 1.214550
20130430 1.214550
20130430 1.214550
20130430 1.214550
20130430 1.214550
20130501 1.214550
20130501 1.338169
20130501 1.338169
20130501 1.338169
20130501 1.338169
20130502 1.338169
20130502 1.338169
20130502 1.338169
20130503 1.338169
20130503 1.338169
20130503 1.338169
20130504 1.338169
20130504 1.338169
20130504 1.338169
20130505 1.338169
20130505 1.099774
20130505 1.099774
20130506 1.099774
20130506 1.099774
20130506 1.099774
20130506 1.099774
20130506 1.099774
20130507 1.099774
20130507 1.099774
20130507 1.099774
20130507 1.099774
20130507 1.099774
20130508 1.099774
20130508 1.099774
20130508 1.302910
20130508 1.302910
20130508 1.302910
20130509 1.302910
20130509 1.302910
20130509 1.302910
20130509 1.302910
20130509 1.302910
20130510 1.302910
20130510 1.302910
20130510 1.302910
20130510 1.302910
20130510 1.302910
20130511 1.302910
20130511 1.655371
20130511 1.655371
20130511 1.655371
20130511 1.655371
20130512 1.655371
20130512 1.655371
20130512 1.655371
20130512 1.655371
20130513 1.655371
20130513 1.655371
20130513 1.655371
20130513 1.655371
20130514 1.655371
20130514 1.655371
20130514 1.679304
20130514 1.679304
20130515 1.679304
20130515 1.679304
20130515 1.679304
20130515 1.679304
20130516 1.679304
20130516 1.679304
20130516 1.679304
20130516 1.679304
20130517 1.679304
20130517 1.679304
20130517 1.679304
20130518 1.679304
20130518 1.644719
20130518 1.644719
20130518 1.644719
20130519 1.644719
20130519 1.644719
20130519 1.644719
20130519 1.644719
20130520 1.644719
20130520 1.644719
20130520 1.644719
20130520 1.644719
20130521 1.644719
20130521 1.644719
20130521 1.644719
20130521 1.547861
20130522 1.547861
20130522 1.547861
20130522 1.547861
20130523 1.547861
20130523 1.547861
20130523 1.547861
20130523 1.547861
20130523 1.547861
20130524 1.547861
20130524 1.547861
20130524 1.547861
20130524 1.547861
20130525 1.547861
20130525 1.651949
20130525 1.651949
20130525 1.651949
20130525 1.651949
20130526 1.651949
20130526 1.651949
20130526 1.651949
20130526 1.651949
20130527 1.651949
20130527 1.651949
20130527 1.651949
20130527 1.651949
20130528 1.651949
20130528 1.651949
20130528 1.670488
20130528 1.670488
20130529 1.670488
20130529 1.670488
20130529 1.670488
20130529 1.670488
20130530 1.670488
20130530 1.670488
20130530 1.670488
20130530 1.670488
20130531 1.670488
20130531 1.670488
20130531 1.670488
20130531 1.670488
20130601 1.728262
20130601 1.728262
20130601 1.728262
20130601 1.728262
20130602 1.728262
20130602 1.728262
20130602 1.728262
20130602 1.728262
20130603 1.728262
20130603 1.728262
20130603 1.728262
20130603 1.728262
20130604 1.728262
20130604 1.728262
20130604 1.676767
20130604 1.676767
20130605 1.676767
20130605 1.676767
20130605 1.676767
20130605 1.676767
20130606 1.676767
20130606 1.676767
20130606 1.676767
20130606 1.676767
20130607 1.676767
20130607 1.676767
20130607 1.676767
20130607 1.676767
20130608 1.770868
20130608 1.770868
20130608 1.770868
20130608 1.770868
20130608 1.770868
20130609 1.770868
20130609 1.770868
20130609 1.770868
20130609 1.770868
20130610 1.770868
20130610 1.770868
20130610 1.770868
20130610 1.770868
20130611 1.770868
20130611 1.804153
20130611 1.804153
20130611 1.804153
20130612 1.804153
20130612 1.804153
20130612 1.804153
20130612 1.804153
20130613 1.804153
20130613 1.804153
20130613 1.804153
20130613 1.804153
20130614 1.804153
20130614 1.804153
20130614 1.804153
20130614 1.977534
20130614 1.977534
20130615 1.977534
20130615 1.977534
20130615 1.977534
20130616 1.977534
20130616 1.977534
20130616 1.977534
20130617 1.977534
20130617 1.977534
20130617 1.977534
20130617 1.977534
20130618 1.977534
20130618 1.977534
20130618 1.757659
20130618 1.757659
20130619 1.757659
20130619 1.757659
20130619 1.757659
20130619 1.757659
20130619 1.757659
20130620 1.757659
20130620 1.757659
20130620 1.757659
20130620 1.757659
20130620 1.757659
20130621 1.757659
20130621 1.757659
20130621 2.069921
20130621 2.069921
20130622 2.069921
20130622 2.069921
20130622 2.069921
20130622 2.069921
20130623 2.069921
20130623 2.069921
20130623 2.069921
20130623 2.069921
20130624 2.069921
20130624 2.069921
20130624 2.069921
20130624 2.069921
20130624 2.134680
20130625 2.134680
20130625 2.134680
20130625 2.134680
20130625 2.134680
20130626 2.134680
20130626 2.134680
20130626 2.134680
20130626 2.134680
20130627 2.134680
20130627 2.134680
20130627 2.134680
20130627 2.134680
20130628 2.134680
20130628 2.242381
20130628 2.242381
20130628 2.242381
20130628 2.242381
20130629 2.242381
20130629 2.242381
20130629 2.242381
20130629 2.242381
20130630 2.242381
20130630 2.242381
20130630 2.242381
20130630 2.242381
20130701 2.242381
20130701 2.242381
20130701 2.333675
20130701 2.333675
20130702 2.333675
20130702 2.333675
20130702 2.333675
20130702 2.333675
20130703 2.333675
20130703 2.333675
20130703 2.333675
20130703 2.333675
20130703 2.333675
20130704 2.333675
20130704 2.333675
20130704 2.333675
20130704 2.521802
20130705 2.521802
20130705 2.521802
20130705 2.521802
20130705 2.521802
20130706 2.521802
20130706 2.521802
20130706 2.521802
20130707 2.521802
20130707 2.521802
20130707 2.521802
20130707 2.521802
20130708 2.521802
20130708 2.521802
20130708 2.424102
20130708 2.424102
20130708 2.424102
20130709 2.424102
20130709 2.424102
20130709 2.424102
20130709 2.424102
20130710 2.424102
20130710 2.424102
20130710 2.424102
20130710 2.424102
20130711 2.424102
20130711 2.424102
20130711 2.424102
20130711 2.560196
20130712 2.560196
20130712 2.560196
20130712 2.560196
20130712 2.560196
20130713 2.560196
20130713 2.560196
20130713 2.560196
20130713 2.560196
20130714 2.560196
20130714 2.560196
20130714 2.560196
20130715 2.560196
20130715 2.560196
20130715 2.450955
20130715 2.450955
20130715 2.450955
20130716 2.450955
20130716 2.450955
20130716 2.450955
20130716 2.450955
20130717 2.450955
20130717 2.450955
20130717 2.450955
20130717 2.450955
20130717 2.450955
20130718 2.450955
20130718 2.450955
20130718 2.655495
20130718 2.655495
20130719 2.655495
20130719 2.655495
20130719 2.655495
20130720 2.655495
20130720 2.655495
20130720 2.655495
20130720 2.655495
20130721 2.655495
20130721 2.655495
20130721 2.655495
20130721 2.655495
20130722 2.655495
20130722 2.479914
20130722 2.479914
20130722 2.479914
20130723 2.479914
20130723 2.479914
20130723 2.479914
20130723 2.479914
20130724 2.479914
20130724 2.479914
20130724 2.479914
20130724 2.479914
20130725 2.479914
20130725 2.479914
20130725 2.479914
20130725 2.532022
20130726 2.532022
20130726 2.532022
20130726 2.532022
20130726 2.532022
20130727 2.532022
20130727 2.532022
20130727 2.532022
20130727 2.532022
20130728 2.532022
20130728 2.532022
20130728 2.532022
20130728 2.532022
20130729 2.532022
20130729 2.475352
20130729 2.475352
20130729 2.475352
20130730 2.475352
20130730 2.475352
20130730 2.475352
20130731 2.475352
20130731 2.475352
20130731 2.475352
20130731 2.475352
20130801 2.475352
20130801 2.475352
20130801 2.475352
20130802 2.475352
20130802 2.279480
20130802 2.279480
20130802 2.279480
20130803 2.279480
20130803 2.279480
20130803 2.279480
20130803 2.279480
20130804 2.279480
20130804 2.279480
20130804 2.279480
20130804 2.279480
20130805 2.279480
20130805 2.279480
20130805 2.279480
20130805 2.325222
20130805 2.325222
20130806 2.325222
20130806 2.325222
20130806 2.325222
20130806 2.325222
20130807 2.325222
20130807 2.325222
20130807 2.325222
20130807 2.325222
20130808 2.325222
20130808 2.325222
20130808 2.325222
20130808 2.325222
20130809 2.406605
20130809 2.406605
20130809 2.406605
20130809 2.406605
20130810 2.406605
20130810 2.406605
20130810 2.406605
20130810 2.406605
20130811 2.406605
20130811 2.406605
20130811 2.406605
20130811 2.406605
20130812 2.406605
20130812 2.406605
20130812 2.361353
20130812 2.361353
20130813 2.361353
20130813 2.361353
20130813 2.361353
20130813 2.361353
20130814 2.361353
20130814 2.361353
20130814 2.361353
20130814 2.361353
20130814 2.361353
20130815 2.361353
20130815 2.361353
20130815 2.361353
20130815 2.532715
20130816 2.532715
20130816 2.532715
20130816 2.532715
20130816 2.532715
20130817 2.532715
20130817 2.532715
20130817 2.532715
20130818 2.532715
20130818 2.532715
20130818 2.532715
20130818 2.532715
20130819 2.532715
20130819 2.532715
20130819 2.407104
20130819 2.407104
20130820 2.407104
20130820 2.407104
20130820 2.407104
20130820 2.407104
20130820 2.407104
20130821 2.407104
20130821 2.407104
20130821 2.407104
20130821 2.407104
20130822 2.407104
20130822 2.407104
20130822 2.407104
20130822 2.714011
20130822 2.714011
20130823 2.714011
20130823 2.714011
20130823 2.714011
20130823 2.714011
20130824 2.714011
20130824 2.714011
20130824 2.714011
20130824 2.714011
20130825 2.714011
20130825 2.714011
20130825 2.714011
20130825 2.714011
20130826 2.688586
20130826 2.688586
20130826 2.688586
20130827 2.688586
20130827 2.688586
20130827 2.688586
20130827 2.688586
20130828 2.688586
20130828 2.688586
20130828 2.688586
20130828 2.688586
20130829 2.688586
20130829 2.688586
20130829 2.688586
20130829 2.592421
20130830 2.592421
20130830 2.592421
20130830 2.592421
20130830 2.592421
20130830 2.592421
20130831 2.592421
20130831 2.592421
20130831 2.592421
20130831 2.592421
20130831 2.592421
20130901 2.592421
20130901 2.592421
20130901 2.592421
20130901 3.057093
20130902 3.057093
20130902 3.057093
20130902 3.057093
20130903 3.057093
20130903 3.057093
20130903 3.057093
20130903 3.057093
20130904 3.057093
20130904 3.057093
20130904 3.057093
20130905 3.057093
20130905 3.057093
20130905 3.057093
20130905 2.604119
20130906 2.604119
20130906 2.604119
20130906 2.604119
20130906 2.604119
20130906 2.604119
20130907 2.604119
20130907 2.604119
20130907 2.604119
20130907 2.604119
20130907 2.604119
20130908 2.604119
20130908 2.604119
20130908 2.604119
20130908 3.130061
20130909 3.130061
20130909 3.130061
20130909 3.130061
20130910 3.130061
20130910 3.130061
20130910 3.130061
20130911 3.130061
20130911 3.130061
20130911 3.130061
20130911 3.130061
20130912 3.130061
20130912 3.130061
20130912 3.130061
20130912 2.690360
20130913 2.690360
20130913 2.690360
20130913 2.690360
20130913 2.690360
20130914 2.690360
20130914 2.690360
20130914 2.690360
20130914 2.690360
20130915 2.690360
20130915 2.690360
20130915 2.690360
20130915 2.690360
20130915 2.690360
20130916 2.864133
20130916 2.864133
20130916 2.864133
20130916 2.864133
20130917 2.864133
20130917 2.864133
20130917 2.864133
20130917 2.864133
20130918 2.864133
20130918 2.864133
20130918 2.864133
20130918 2.864133
20130919 2.864133
20130919 2.864133
20130919 3.107870
20130919 3.107870
20130919 3.107870
20130920 3.107870
20130920 3.107870
20130920 3.107870
20130921 3.107870
20130921 3.107870
20130921 3.107870
20130921 3.107870
20130922 3.107870
20130922 3.107870
20130922 3.107870
20130922 3.107870
20130923 2.957790
20130923 2.957790
20130923 2.957790
20130923 2.957790
20130924 2.957790
20130924 2.957790
20130924 2.957790
20130924 2.957790
20130925 2.957790
20130925 2.957790
20130925 2.957790
20130925 2.957790
20130925 2.957790
20130926 2.957790
20130926 3.244402
20130926 3.244402
20130926 3.244402
20130927 3.244402
20130927 3.244402
20130927 3.244402
20130927 3.244402
20130928 3.244402
20130928 3.244402
20130928 3.244402
20130929 3.244402
20130929 3.244402
20130929 3.244402
20130929 3.244402
20130930 2.951752
20130930 2.951752
20130930 2.951752
20130930 2.951752
20131001 2.951752
20131001 2.951752
20131001 2.951752
20131001 2.951752
20131002 2.951752
20131002 2.951752
20131002 2.951752
20131002 2.951752
20131003 2.951752
20131003 2.951752
20131003 2.942365
20131003 2.942365
20131004 2.942365
20131004 2.942365
20131004 2.942365
20131004 2.942365
20131005 2.942365
20131005 2.942365
20131005 2.942365
20131005 2.942365
20131006 2.942365
20131006 2.942365
20131006 2.942365
20131006 2.942365
20131007 2.886757
20131007 2.886757
20131007 2.886757
20131007 2.886757
20131008 2.886757
20131008 2.886757
20131008 2.886757
20131008 2.886757
20131009 2.886757
20131009 2.886757
20131009 2.886757
20131010 2.886757
20131010 2.886757
20131010 2.886757
20131010 2.812566
20131011 2.812566
20131011 2.812566
20131011 2.812566
20131011 2.812566
20131012 2.812566
20131012 2.812566
20131012 2.812566
20131012 2.812566
20131013 2.812566
20131013 2.812566
20131013 2.812566
20131013 2.812566
20131014 2.812566
20131014 2.744393
20131014 2.744393
20131014 2.744393
20131015 2.744393
20131015 2.744393
20131015 2.744393
20131015 2.744393
20131015 2.744393
20131016 2.744393
20131016 2.744393
20131016 2.744393
20131016 2.744393
20131017 2.744393
20131017 2.744393
20131017 2.861107
20131018 2.861107
20131018 2.861107
20131018 2.861107
20131018 2.861107
20131018 2.861107
20131019 2.861107
20131019 2.861107
20131019 2.861107
20131019 2.861107
20131020 2.861107
20131020 2.861107
20131020 2.861107
20131020 2.861107
20131021 2.924482
20131021 2.924482
20131021 2.924482
20131022 2.924482
20131022 2.924482
20131022 2.924482
20131022 2.924482
20131023 2.924482
20131023 2.924482
20131023 2.924482
20131023 2.924482
20131024 2.924482
20131024 2.924482
20131024 2.924482
20131024 2.783355
20131025 2.783355
20131025 2.783355
20131025 2.783355
20131025 2.783355
20131025 2.783355
20131026 2.783355
20131026 2.783355
20131026 2.783355
20131026 2.783355
20131027 2.783355
20131027 2.783355
20131027 2.783355
20131027 2.783355
20131027 3.207414
20131028 3.207414
20131028 3.207414
20131028 3.207414
20131028 3.207414
20131029 3.207414
20131029 3.207414
20131029 3.207414
20131029 3.207414
20131030 3.207414
20131030 3.207414
20131030 3.207414
20131031 3.207414
20131031 3.207414
20131031 2.996183
20131031 2.996183
20131101 2.996183
20131101 2.996183
20131101 2.996183
20131101 2.996183
20131102 2.996183
20131102 2.996183
20131102 2.996183
20131103 2.996183
20131103 2.996183
20131103 2.996183
20131103 2.996183
20131103 2.996183
20131104 2.931743
20131104 2.931743
20131104 2.931743
20131104 2.931743
20131105 2.931743
20131105 2.931743
20131105 2.931743
20131105 2.931743
20131106 2.931743
20131106 2.931743
20131106 2.931743
20131106 2.931743
20131107 2.931743
20131107 2.931743
20131107 3.087452
20131107 3.087452
20131108 3.087452
20131108 3.087452
20131108 3.087452
20131108 3.087452
20131108 3.087452
20131109 3.087452
20131109 3.087452
20131109 3.087452
20131109 3.087452
20131110 3.087452
20131110 3.087452
20131110 3.087452
20131110 3.493846
20131110 3.493846
20131111 3.493846
20131111 3.493846
20131111 3.493846
20131111 3.493846
20131112 3.493846
20131112 3.493846
20131112 3.493846
20131112 3.493846
20131113 3.493846
20131113 3.493846
20131113 3.493846
20131113 3.493846
20131114 3.433588
20131114 3.433588
20131114 3.433588
20131114 3.433588
20131115 3.433588
20131115 3.433588
20131115 3.433588
20131115 3.433588
20131116 3.433588
20131116 3.433588
20131116 3.433588
20131116 3.433588
20131117 3.433588
20131117 3.433588
20131117 3.636557
20131117 3.636557
20131118 3.636557
20131118 3.636557
20131118 3.636557
20131118 3.636557
