20131003 148819199.800000 -0.471941 -0.522835 32.981475
20131002 148819199.800000 -0.472144 -0.529820 32.100262
20131001 148819199.800000 -0.471039 -0.491819 36.894227
20130930 148819199.800000 -0.470937 -0.488312 37.336629
20130929 148819199.800000 -0.470810 -0.483946 37.887387
20130928 148819199.800000 -0.470899 -0.486986 37.503864
20130927 148819199.800000 -0.471127 -0.494828 36.514589
20130926 148819199.800000 -0.471243 -0.498848 36.007487
20130925 148819199.800000 -0.471378 -0.503461 35.425555
20130924 112628548.660000 -0.468626 -0.408817 47.365282
20130923 112628548.660000 -0.468742 -0.412819 46.860434
20130922 112628548.660000 -0.468691 -0.411077 47.080128
20130921 112628548.660000 -0.468659 -0.409974 47.219261
20130920 112628548.660000 -0.468708 -0.411636 47.009553
20130919 112628548.660000 -0.468603 -0.408028 47.464718
20130918 112628548.660000 -0.468150 -0.392466 49.428019
20130917 112628548.660000 -0.468257 -0.396130 48.965802
20130916 112628548.660000 -0.468234 -0.395348 49.064431
20130915 112628548.660000 -0.468328 -0.398596 48.654643
20130914 112628548.660000 -0.468462 -0.403197 48.074186
20130913 86933017.770000 -0.464621 -0.271076 64.741771
20130912 86933017.770000 -0.464763 -0.275983 64.122705
20130911 86933017.770000 -0.464463 -0.265661 65.424873
20130910 86933017.770000 -0.465500 -0.301323 60.926059
20130909 86933017.770000 -0.465447 -0.299504 61.155486
20130908 86933017.770000 -0.466189 -0.325018 57.936847
20130907 86933017.770000 -0.465896 -0.314940 59.208152
20130906 86933017.770000 -0.466672 -0.341619 55.842471
20130905 86933017.770000 -0.465764 -0.310409 59.779804
20130904 86933017.770000 -0.465512 -0.301723 60.875604
20130903 65750060.140000 -0.459183 -0.084065 88.333952
20130902 65750060.140000 -0.459183 -0.084065 88.333952
20130901 65750060.140000 -0.458892 -0.074072 89.594659
20130831 65750060.140000 -0.459617 -0.098980 86.452328
20130830 65750060.140000 -0.460046 -0.113746 84.589533
20130829 65750060.140000 -0.461308 -0.157148 79.114207
20130828 65750060.140000 -0.461386 -0.159835 78.775302
20130827 65750060.140000 -0.461019 -0.147231 80.365274
20130826 65750060.140000 -0.462642 -0.203039 73.324864
20130825 65750060.140000 -0.462347 -0.192892 74.605008
20130824 65750060.140000 -0.462710 -0.205364 73.031676
20130823 50810339.040000 -0.457830 -0.037552 94.201747
20130822 50810339.040000 -0.457177 -0.015099 97.034255
20130821 50810339.040000 -0.456934 -0.006735 98.089433
20130820 50810339.040000 -0.457327 -0.020246 96.385011
20130819 50810339.040000 -0.457832 -0.037603 94.195262
20130818 50810339.040000 -0.458790 -0.070557 90.038092
20130817 50810339.040000 -0.458908 -0.074610 89.526768
20130816 50810339.040000 -0.459610 -0.098772 86.478611
20130815 50810339.040000 -0.459423 -0.092335 87.290716
20130814 50810339.040000 -0.458943 -0.075819 89.374223
20130813 50810339.040000 -0.459497 -0.094876 86.970148
20130812 37392766.130000 -0.452848 0.133783 115.816261
20130811 37392766.130000 -0.453309 0.117929 113.816237
20130810 37392766.130000 -0.453818 0.100444 111.610507
20130809 37392766.130000 -0.453869 0.098696 111.389946
20130808 37392766.130000 -0.453805 0.100881 111.665661
20130807 37392766.130000 -0.453058 0.126583 114.907991
20130806 37392766.130000 -0.452914 0.131535 115.532738
20130805 37392766.130000 -0.452872 0.132965 115.713166
20130804 37392766.130000 -0.453279 0.118978 113.948580
20130803 37392766.130000 -0.453322 0.117492 113.761094
20130802 31256960.720000 -0.448222 0.292902 135.889730
20130801 31256960.720000 -0.448374 0.287662 135.228708
20130731 31256960.720000 -0.447702 0.310794 138.146958
20130730 31256960.720000 -0.447170 0.329077 140.453345
20130729 31256960.720000 -0.449139 0.261349 131.909216
20130728 31256960.720000 -0.449962 0.233070 128.341712
20130727 31256960.720000 -0.451293 0.187262 122.562919
20130726 31256960.720000 -0.450801 0.204206 124.700469
20130725 31256960.720000 -0.450518 0.213931 125.927269
20130724 31256960.720000 -0.451084 0.194478 123.473260
20130723 31256960.720000 -0.450941 0.199378 124.091403
20130722 31256960.720000 -0.452145 0.157989 118.870050
20130721 26162875.680000 -0.446577 0.349477 143.026901
20130720 26162875.680000 -0.447368 0.322281 139.596026
20130719 26162875.680000 -0.446576 0.349502 143.030053
20130718 26162875.680000 -0.447278 0.325373 139.986161
20130717 26162875.680000 -0.444215 0.430717 153.275627
20130716 26162875.680000 -0.444723 0.413224 151.068876
20130715 26162875.680000 -0.444073 0.435593 153.890786
20130714 26162875.680000 -0.445697 0.379737 146.844333
20130713 26162875.680000 -0.444280 0.428467 152.991888
20130712 26162875.680000 -0.445853 0.374365 146.166676
20130711 26162875.680000 -0.447674 0.311756 138.268249
20130710 21335329.110000 -0.440795 0.548313 168.110812
20130709 21335329.110000 -0.445829 0.375177 146.269092
20130708 21335329.110000 -0.446141 0.364452 144.916123
20130707 21335329.110000 -0.445919 0.372113 145.882513
20130706 21335329.110000 -0.448968 0.267235 132.651843
20130705 21335329.110000 -0.449483 0.249539 130.419367
20130704 21335329.110000 -0.444343 0.426285 152.716555
20130703 21335329.110000 -0.444854 0.408732 150.502133
20130702 21335329.110000 -0.439724 0.585162 172.759465
20130701 21335329.110000 -0.440773 0.549079 168.207457
20130630 21335329.110000 -0.436558 0.694022 186.492649
20130629 21335329.110000 -0.437677 0.655549 181.639148
20130628 19339258.270000 -0.433475 0.800051 199.868638
20130627 19339258.270000 -0.429997 0.919671 214.959138
20130626 19339258.270000 -0.428885 0.957927 219.785220
20130625 19339258.270000 -0.429215 0.946590 218.355085
20130624 19339258.270000 -0.429824 0.925642 215.712343
20130623 19339258.270000 -0.426968 1.023849 228.101587
20130622 19339258.270000 -0.426821 1.028920 228.741284
20130621 19339258.270000 -0.426182 1.050894 231.513400
20130620 19339258.270000 -0.425302 1.081151 235.330389
20130619 19339258.270000 -0.426796 1.029782 228.850036
20130618 19339258.270000 -0.427238 1.014552 226.928705
20130617 19339258.270000 -0.429892 0.923275 215.413807
20130616 19339258.270000 -0.430900 0.888624 211.042395
20130615 15605632.680000 -0.419214 1.290530 261.744402
20130614 15605632.680000 -0.419092 1.294719 262.272916
20130613 15605632.680000 -0.416687 1.377440 272.708421
20130612 15605632.680000 -0.413747 1.478550 285.463891
20130611 15605632.680000 -0.413610 1.483244 286.056038
20130610 15605632.680000 -0.415224 1.427734 279.053256
20130609 15605632.680000 -0.418826 1.303882 263.428855
20130608 15605632.680000 -0.414285 1.460044 283.129181
20130607 15605632.680000 -0.412392 1.525139 291.341176
20130606 15605632.680000 -0.407538 1.692086 312.402188
20130605 15605632.680000 -0.405753 1.753463 320.145207
20130604 12153411.700000 -0.385054 2.465334 409.950448
20130603 12153411.700000 -0.385573 2.447506 407.701401
20130602 12153411.700000 -0.384194 2.494922 413.683071
20130601 12153411.700000 -0.378876 2.677824 436.756835
20130531 12153411.700000 -0.379255 2.664780 435.111302
20130530 12153411.700000 -0.379267 2.664348 435.056875
20130529 12153411.700000 -0.376568 2.757171 446.766776
20130528 12153411.700000 -0.379110 2.669753 435.738739
20130527 12153411.700000 -0.378508 2.690465 438.351605
20130526 12153411.700000 -0.375591 2.790792 451.008277
20130525 12153411.700000 -0.376775 2.750070 445.870971
20130524 11187257.460000 -0.366914 3.089212 488.655111
20130523 11187257.460000 -0.372691 2.890515 463.588650
20130522 11187257.460000 -0.374815 2.817464 454.373039
20130521 11187257.460000 -0.375588 2.790874 451.018594
20130520 11187257.460000 -0.376328 2.765452 447.811525
20130519 11187257.460000 -0.375920 2.779478 449.580922
20130518 11187257.460000 -0.375316 2.800254 452.201842
20130517 11187257.460000 -0.375070 2.808697 453.267056
20130516 11187257.460000 -0.379565 2.654123 433.766934
20130515 11187257.460000 -0.382955 2.537535 419.058819
20130514 11187257.460000 -0.385351 2.455133 408.663611
20130513 11187257.460000 -0.379760 2.647393 432.917918
20130512 11187257.460000 -0.382445 2.555067 421.270640
20130511 10076292.880000 -0.370916 2.951583 471.292612
20130510 10076292.880000 -0.368972 3.018413 479.723516
20130509 10076292.880000 -0.373595 2.859415 459.665330
20130508 10076292.880000 -0.373217 2.872425 461.306491
20130507 10076292.880000 -0.376613 2.755638 446.573404
20130506 10076292.880000 -0.374113 2.841605 457.418453
20130505 10076292.880000 -0.370595 2.962613 472.684120
20130504 10076292.880000 -0.373500 2.862692 460.078690
20130503 10076292.880000 -0.387461 2.382552 399.507141
20130502 10076292.880000 -0.379773 2.646953 432.862420
20130501 10076292.880000 -0.370217 2.975590 474.321148
20130430 10076292.880000 -0.348666 3.716787 567.826061
20130429 8974296.010000 -0.327483 4.445285 659.728856
20130428 8974296.010000 -0.337604 4.097221 615.819264
20130427 8974296.010000 -0.344429 3.862482 586.206079
20130426 8974296.010000 -0.335003 4.186667 627.103176
20130425 8974296.010000 -0.329909 4.361874 649.206283
20130424 8974296.010000 -0.316680 4.816829 706.600627
20130423 8974296.010000 -0.328039 4.426165 657.316774
20130422 8974296.010000 -0.345065 3.840623 583.448389
20130421 8974296.010000 -0.353750 3.541933 545.767540
20130420 8974296.010000 -0.345896 3.812048 579.843568
20130419 8974296.010000 -0.354513 3.515706 542.458974
20130418 8974296.010000 -0.364543 3.170756 498.942136
20130417 8974296.010000 -0.381425 2.590132 425.694153
20130416 7672999.920000 -0.395323 2.112170 365.397393
20130415 7672999.920000 -0.377943 2.709906 440.804180
20130414 7672999.920000 -0.368511 3.034286 481.725938
20130413 7672999.920000 -0.364794 3.162096 497.849658
20130412 7672999.920000 -0.335064 4.184572 626.838989
20130411 7672999.920000 -0.325278 4.521138 669.297977
20130410 7672999.920000 -0.275603 6.229525 884.817651
20130409 7672999.920000 -0.195083 8.998732 1234.163755
20130408 7672999.920000 -0.247731 7.188097 1005.745148
20130407 7672999.920000 -0.278946 6.114540 870.311833
20130406 7672999.920000 -0.303313 5.276540 764.594865
20130405 7672999.920000 -0.303694 5.263437 762.941866
20130404 6695826.280000 -0.292449 5.650178 811.730702
20130403 6695826.280000 -0.288360 5.790780 829.468289
20130402 6695826.280000 -0.312521 4.959854 724.643711
20130401 6695826.280000 -0.332367 4.277342 638.542208
20130331 6695826.280000 -0.347939 3.741780 570.979072
20130330 6695826.280000 -0.349131 3.700772 565.805714
20130329 6695826.280000 -0.351530 3.618264 555.396979
20130328 6695826.280000 -0.357663 3.407359 528.790506
20130327 6695826.280000 -0.353773 3.541127 545.665908
20130326 6695826.280000 -0.368565 3.032417 481.490109
20130325 6695826.280000 -0.375521 2.793196 451.311470
20130324 6695826.280000 -0.378502 2.690673 438.377768
20130323 4847647.150000 -0.353825 3.539351 545.441839
20130322 4847647.150000 -0.343011 3.911248 592.358062
20130321 4847647.150000 -0.341080 3.977669 600.737378
20130320 4847647.150000 -0.353553 3.548711 546.622611
20130319 4847647.150000 -0.364041 3.188023 501.120423
20130318 4847647.150000 -0.378825 2.679574 436.977597
20130317 4847647.150000 -0.387060 2.396352 401.248086
20130316 4847647.150000 -0.387844 2.369391 397.846900
20130315 4847647.150000 -0.387942 2.366007 397.419934
20130314 4847647.150000 -0.387512 2.380815 399.288072
20130313 4367876.000000 -0.377896 2.711520 441.007742
20130312 4367876.000000 -0.383619 2.514683 416.176045
20130311 4367876.000000 -0.374675 2.822282 454.980764
20130310 4367876.000000 -0.379898 2.642665 432.321444
20130309 4367876.000000 -0.378048 2.706280 440.346653
20130308 4367876.000000 -0.383858 2.506455 415.137960
20130307 4367876.000000 -0.388602 2.343302 394.555659
20130306 4367876.000000 -0.390735 2.269967 385.304103
20130305 4367876.000000 -0.392237 2.218319 378.788577
20130304 4367876.000000 -0.401328 1.905635 339.342313
20130303 4367876.000000 -0.404923 1.781998 323.744989
20130302 4367876.000000 -0.405467 1.763289 321.384727
20130301 4367876.000000 -0.404923 1.781999 323.745083
20130228 3651011.630000 -0.393098 2.188687 375.050298
20130227 3651011.630000 -0.399552 1.966747 347.051717
20130226 3651011.630000 -0.399034 1.984546 349.297206
20130225 3651011.630000 -0.400856 1.921871 341.390442
20130224 3651011.630000 -0.402184 1.876208 335.629882
20130223 3651011.630000 -0.402418 1.868149 334.613313
20130222 3651011.630000 -0.401259 1.908028 339.644202
20130221 3651011.630000 -0.402555 1.863466 334.022460
20130220 3651011.630000 -0.402822 1.854273 332.862780
20130219 3651011.630000 -0.403414 1.833911 330.294022
20130218 3651011.630000 -0.409838 1.612975 302.422061
20130217 3275464.580000 -0.402187 1.876120 335.618892
20130216 3275464.580000 -0.401022 1.916165 340.670609
20130215 3275464.580000 -0.401358 1.904604 339.212153
20130214 3275464.580000 -0.401009 1.916630 340.729280
20130213 3275464.580000 -0.409774 1.615181 302.700387
20130212 3275464.580000 -0.406960 1.711963 314.909796
20130211 3275464.580000 -0.408468 1.660092 308.366006
20130210 3275464.580000 -0.410442 1.592202 299.801479
20130209 3275464.580000 -0.411370 1.560291 295.775742
20130208 3275464.580000 -0.414243 1.461488 283.311381
20130207 3275464.580000 -0.415723 1.410589 276.890346
20130206 3275464.580000 -0.418538 1.313782 264.677790
20130205 3275464.580000 -0.420221 1.255899 257.375563
20130204 2968775.330000 -0.414589 1.449569 281.807798
20130203 2968775.330000 -0.414077 1.467181 284.029647
20130202 2968775.330000 -0.417151 1.361476 270.694522
20130201 2968775.330000 -0.414369 1.457158 282.765159
20130131 2968775.330000 -0.414654 1.447363 281.529424
20130130 2968775.330000 -0.416927 1.369184 271.666885
20130129 2968775.330000 -0.417486 1.349955 269.241117
20130128 2968775.330000 -0.420061 1.261385 258.067693
20130127 2968775.330000 -0.422952 1.161977 245.526988
20130126 2968775.330000 -0.422754 1.168781 246.385306
20130125 2968775.330000 -0.424291 1.115929 239.717813
20130124 2968775.330000 -0.425904 1.060428 232.716104
20130123 2968775.330000 -0.423970 1.126943 241.107320
20130122 3249549.580000 -0.429510 0.936443 217.074997
20130121 3249549.580000 -0.430859 0.890026 211.219268
20130120 3249549.580000 -0.434077 0.779369 197.259530
20130119 3249549.580000 -0.434325 0.770819 196.180823
20130118 3249549.580000 -0.434062 0.779871 197.322856
20130117 3249549.580000 -0.434662 0.759251 194.721523
20130116 3249549.580000 -0.436914 0.681791 184.949579
20130115 3249549.580000 -0.438318 0.633507 178.858438
20130114 3249549.580000 -0.438172 0.638536 179.492845
20130113 3249549.580000 -0.438710 0.620025 177.157634
20130112 3249549.580000 -0.438356 0.632195 178.692952
20130111 3249549.580000 -0.438649 0.622138 177.424138
20130110 3249549.580000 -0.438640 0.622437 177.461957
20130109 3249549.580000 -0.439722 0.585219 172.766662
20130108 3249549.580000 -0.439802 0.582476 172.420715
20130107 2979636.610000 -0.436656 0.690682 186.071308
20130106 2979636.610000 -0.437082 0.676025 184.222248
20130105 2979636.610000 -0.437126 0.674495 184.029177
20130104 2979636.610000 -0.436935 0.681077 184.859593
20130103 2979636.610000 -0.437261 0.669872 183.445948
20130102 2979636.610000 -0.437637 0.656940 181.814596
20130101 2979636.610000 -0.437560 0.659588 182.148700
20121231 2979636.610000 -0.436903 0.682175 184.998134
20121230 2979636.610000 -0.437094 0.675593 184.167718
20121229 2979636.610000 -0.437254 0.670106 183.475566
20121228 2979636.610000 -0.437186 0.672431 183.768841
20121227 2979636.610000 -0.437184 0.672491 183.776453
20121226 2979636.610000 -0.437037 0.677551 184.414766
20121225 3370181.790000 -0.442348 0.494898 161.372344
20121224 3370181.790000 -0.442264 0.497808 161.739437
20121223 3370181.790000 -0.442455 0.491213 160.907483
20121222 3370181.790000 -0.442288 0.496969 161.633592
20121221 3370181.790000 -0.441925 0.509444 163.207440
20121220 3370181.790000 -0.441856 0.511835 163.509068
20121219 3370181.790000 -0.441646 0.519049 164.419091
20121218 3370181.790000 -0.442492 0.489949 160.748042
20121217 3370181.790000 -0.442630 0.485202 160.149192
20121216 3370181.790000 -0.442489 0.490049 160.760646
20121215 3370181.790000 -0.441953 0.508487 163.086667
20121214 3370181.790000 -0.441643 0.519150 164.431817
20121213 3370181.790000 -0.441361 0.528855 165.656193
20121212 3370181.790000 -0.441364 0.528739 165.641509
20121211 3370181.790000 -0.441764 0.514978 163.905528
20121210 3370181.790000 -0.442113 0.502981 162.392128
20121209 3438908.960000 -0.442996 0.472630 158.563212
20121208 3438908.960000 -0.442907 0.475679 158.947791
20121207 3438908.960000 -0.442687 0.483267 159.905102
20121206 3438908.960000 -0.443242 0.464169 157.495815
20121205 3438908.960000 -0.443018 0.471870 158.467277
20121204 3438908.960000 -0.442935 0.474722 158.827033
20121203 3438908.960000 -0.444956 0.405234 150.060853
20121202 3438908.960000 -0.445450 0.388223 147.914907
20121201 3438908.960000 -0.445279 0.394114 148.658044
20121130 3438908.960000 -0.445271 0.394398 148.693899
20121129 3438908.960000 -0.445588 0.383466 147.314834
20121128 3438908.960000 -0.445871 0.373741 146.087945
20121127 3438908.960000 -0.412559 1.519404 290.617730
20121126 3438908.960000 -0.412308 1.528047 291.708031
20121125 3368767.140000 -0.409563 1.622445 303.616741
20121124 3368767.140000 -0.409961 1.608749 301.888968
20121123 3368767.140000 -0.410336 1.595839 300.260350
20121122 3368767.140000 -0.409902 1.610764 302.143102
20121121 3368767.140000 -0.413581 1.484243 286.182067
20121120 3368767.140000 -0.413791 1.477028 285.271785
20121119 3368767.140000 -0.413412 1.490048 286.914357
20121118 3368767.140000 -0.414250 1.461251 283.281552
20121117 3368767.140000 -0.413475 1.487911 286.644798
20121116 3368767.140000 -0.413700 1.480148 285.665474
20121115 3368767.140000 -0.416811 1.373179 272.170868
20121114 3368767.140000 -0.418208 1.325105 266.106154
20121113 3368767.140000 -0.418202 1.325338 266.135534
20121112 3368767.140000 -0.417881 1.336363 267.526420
20121111 3304356.390000 -0.417472 1.350443 269.302672
20121110 3304356.390000 -0.417349 1.354655 269.834078
20121109 3304356.390000 -0.417781 1.339818 267.962300
20121108 3304356.390000 -0.417148 1.361582 270.707940
20121107 3304356.390000 -0.417177 1.360593 270.583138
20121106 3304356.390000 -0.417297 1.356436 270.058721
20121105 3304356.390000 -0.418166 1.326562 266.289956
20121104 3304356.390000 -0.417866 1.336872 267.590641
20121103 3304356.390000 -0.418773 1.305688 263.656638
20121102 3304356.390000 -0.419773 1.271314 259.320275
20121101 3304356.390000 -0.419190 1.291343 261.847012
20121031 3304356.390000 -0.415560 1.416191 277.597000
20121030 3304356.390000 -0.417363 1.354169 269.772675
20121029 3072321.730000 -0.414412 1.455672 282.577736
20121028 3072321.730000 -0.413793 1.476950 285.262014
20121027 3072321.730000 -0.416513 1.383431 273.464235
20121026 3072321.730000 -0.417069 1.364300 271.050827
20121025 3072321.730000 -0.412793 1.511339 289.600243
20121024 3072321.730000 -0.407915 1.679112 310.765481
20121023 3072321.730000 -0.407915 1.679114 310.765750
20121022 3072321.730000 -0.407543 1.691907 312.379699
20121021 3072321.730000 -0.408032 1.675086 310.257565
20121020 3072321.730000 -0.407359 1.698247 313.179426
20121019 3072321.730000 -0.407357 1.698291 313.185064
20121018 3072321.730000 -0.406122 1.740777 318.544762
20121017 3072321.730000 -0.406925 1.713162 315.061025
20121016 3072321.730000 -0.406678 1.721652 316.132160
20121015 3054627.520000 -0.406327 1.733727 317.655455
20121014 3054627.520000 -0.406944 1.712502 314.977768
20121013 3054627.520000 -0.406184 1.738637 318.274857
20121012 3054627.520000 -0.405319 1.768386 322.027723
20121011 3054627.520000 -0.405133 1.774807 322.837753
20121010 3054627.520000 -0.404572 1.794069 325.267840
20121009 3054627.520000 -0.405973 1.745912 319.192621
20121008 3054627.520000 -0.406700 1.720890 316.035936
20121007 3054627.520000 -0.406564 1.725581 316.627798
20121006 3054627.520000 -0.402176 1.876472 335.663217
20121005 3054627.520000 -0.401038 1.915640 340.604395
20121004 3054627.520000 -0.400029 1.950313 344.978554
20121003 3054627.520000 -0.399780 1.958874 346.058593
20121002 2864140.500000 -0.394777 2.130947 367.766222
20121001 2864140.500000 -0.397697 2.030509 355.095654
20120930 2864140.500000 -0.397697 2.030509 355.095654
20120929 2864140.500000 -0.397942 2.022084 354.032766
20120928 2864140.500000 -0.397757 2.028457 354.836771
20120927 2864140.500000 -0.398302 2.009712 352.471982
20120926 2864140.500000 -0.398560 2.000835 351.352077
20120925 2864140.500000 -0.399045 1.984171 349.249914
20120924 2864140.500000 -0.399689 1.962029 346.456630
20120923 2864140.500000 -0.399069 1.983329 349.143654
20120922 2864140.500000 -0.398774 1.993487 350.425109
20120921 2864140.500000 -0.397910 2.023205 354.174158
20120920 2864140.500000 -0.398477 2.003695 351.712900
20120919 2864140.500000 -0.396553 2.069885 360.063092
20120918 2694047.950000 -0.393560 2.172816 373.048155
20120917 2694047.950000 -0.396100 2.085451 362.026802
20120916 2694047.950000 -0.396241 2.080598 361.414504
20120915 2694047.950000 -0.397088 2.051476 357.740720
20120914 2694047.950000 -0.397652 2.032062 355.291530
20120913 2694047.950000 -0.399565 1.966296 346.994901
20120912 2694047.950000 -0.399805 1.958018 345.950628
20120911 2694047.950000 -0.400046 1.949748 344.907273
20120910 2694047.950000 -0.401181 1.910723 339.984096
20120909 2694047.950000 -0.402239 1.874321 335.391865
20120908 2694047.950000 -0.402119 1.878446 335.912318
20120907 2694047.950000 -0.402380 1.869467 334.779568
20120906 2694047.950000 -0.401103 1.913392 340.320859
20120905 2440642.600000 -0.394323 2.146553 369.735022
20120904 2440642.600000 -0.399114 1.981810 348.952002
20120903 2440642.600000 -0.397982 2.020729 353.861864
20120902 2440642.600000 -0.400520 1.933429 342.848552
20120901 2440642.600000 -0.402379 1.869498 334.783389
20120831 2440642.600000 -0.400864 1.921615 341.358258
20120830 2440642.600000 -0.396058 2.086892 362.208527
20120829 2440642.600000 -0.394968 2.124370 366.936580
20120828 2440642.600000 -0.394788 2.130558 367.717211
20120827 2440642.600000 -0.394710 2.133237 368.055146
20120826 2440642.600000 -0.397359 2.042159 356.565346
20120825 2440642.600000 -0.398029 2.019095 353.655723
20120824 2190865.970000 -0.388024 2.363205 397.066440
20120823 2190865.970000 -0.392363 2.213988 378.242176
20120822 2190865.970000 -0.394906 2.126499 367.205043
20120821 2190865.970000 -0.393967 2.158796 371.279499
20120820 2190865.970000 -0.392362 2.213997 378.243306
20120819 2190865.970000 -0.410584 1.587324 299.186143
20120818 2190865.970000 -0.379260 2.664604 435.089170
20120817 2190865.970000 -0.379489 2.656726 434.095309
20120816 2190865.970000 -0.362860 3.228610 506.240616
20120815 2190865.970000 -0.365030 3.154006 496.829049
20120814 2190865.970000 -0.374227 2.837685 456.924006
20120813 2190865.970000 -0.375551 2.792174 451.182573
20120812 2190865.970000 -0.379139 2.668779 435.615841
20120811 2036671.080000 -0.372565 2.894870 464.138118
20120810 2036671.080000 -0.373720 2.855120 459.123444
20120809 2036671.080000 -0.376756 2.750706 445.951167
20120808 2036671.080000 -0.376811 2.748844 445.716288
20120807 2036671.080000 -0.376393 2.763193 447.526479
20120806 2036671.080000 -0.378679 2.684600 437.611735
20120805 2036671.080000 -0.378540 2.689354 438.211488
20120804 2036671.080000 -0.377476 2.725949 442.828082
20120803 2036671.080000 -0.377607 2.721462 442.261942
20120802 2036671.080000 -0.381714 2.580218 424.443508
20120801 2036671.080000 -0.390858 2.265726 384.769146
20120731 2036671.080000 -0.392728 2.201428 376.657709
20120730 2036671.080000 -0.395080 2.120534 366.452607
20120729 1866391.300000 -0.391281 2.251168 382.932612
20120728 1866391.300000 -0.389470 2.313461 390.791119
20120727 1866391.300000 -0.389349 2.317630 391.316993
20120726 1866391.300000 -0.389349 2.317630 391.316993
20120725 1866391.300000 -0.390367 2.282600 386.897881
20120724 1866391.300000 -0.392405 2.212541 378.059656
20120723 1866391.300000 -0.393977 2.158473 371.238757
20120722 1866391.300000 -0.394344 2.145845 369.645667
20120721 1866391.300000 -0.389904 2.298549 388.909903
20120720 1866391.300000 -0.393219 2.184518 374.524367
20120719 1866391.300000 -0.389655 2.307117 389.990818
20120718 1866391.300000 -0.387212 2.391111 400.586965
20120717 1866391.300000 -0.390367 2.282604 386.898323
20120716 1751454.530000 -0.387746 2.372757 398.271547
20120715 1751454.530000 -0.397282 2.044795 356.897774
20120714 1751454.530000 -0.398139 2.015339 353.181815
20120713 1751454.530000 -0.396804 2.061253 358.974020
20120712 1751454.530000 -0.395726 2.098308 363.648754
20120711 1751454.530000 -0.402394 1.868974 334.717393
20120710 1751454.530000 -0.401853 1.887601 337.067239
20120709 1751454.530000 -0.403789 1.821008 328.666186
20120708 1751454.530000 -0.406204 1.737945 318.187473
20120707 1751454.530000 -0.406605 1.724167 316.449341
20120706 1751454.530000 -0.407842 1.681627 311.082839
20120705 1751454.530000 -0.407604 1.689799 312.113663
20120704 1751454.530000 -0.409340 1.630111 304.583795
20120703 1726566.550000 -0.408984 1.642356 306.128570
20120702 1726566.550000 -0.405570 1.759764 320.940108
20120701 1726566.550000 -0.407012 1.710156 314.681772
20120630 1726566.550000 -0.406341 1.733258 317.596214
20120629 1726566.550000 -0.406781 1.718115 315.685896
20120628 1726566.550000 -0.407267 1.701408 313.578287
20120627 1726566.550000 -0.406814 1.716979 315.542586
20120626 1726566.550000 -0.409319 1.630833 304.674932
20120625 1726566.550000 -0.410582 1.587408 299.196679
20120624 1726566.550000 -0.410084 1.604523 301.355878
20120623 1726566.550000 -0.409220 1.634241 305.104861
20120622 1726566.550000 -0.407906 1.679419 310.804289
20120621 1726566.550000 -0.406450 1.729505 317.122815
20120620 1726566.550000 -0.406561 1.725688 316.641294
20120619 1583177.840000 -0.401966 1.883725 336.578252
20120618 1583177.840000 -0.404232 1.805767 326.743486
20120617 1583177.840000 -0.405987 1.745408 319.129070
20120616 1583177.840000 -0.403151 1.842941 331.433207
20120615 1583177.840000 -0.401951 1.884237 336.642851
20120614 1583177.840000 -0.408506 1.658803 308.203405
20120613 1583177.840000 -0.408807 1.648437 306.895785
20120612 1583177.840000 -0.411556 1.553882 294.967263
20120611 1583177.840000 -0.413061 1.502130 288.438537
20120610 1583177.840000 -0.414339 1.458183 282.894434
20120609 1583177.840000 -0.413238 1.496043 287.670636
20120608 1583177.840000 -0.412361 1.526201 291.475239
20120607 1583177.840000 -0.412866 1.508857 289.287188
20120606 1591074.960000 -0.414764 1.443572 281.051255
20120605 1591074.960000 -0.415003 1.435354 280.014498
20120604 1591074.960000 -0.417082 1.363847 270.993673
20120603 1591074.960000 -0.417809 1.338827 267.837265
20120602 1591074.960000 -0.417285 1.356858 270.111911
20120601 1591074.960000 -0.416977 1.367472 271.450883
20120531 1591074.960000 -0.418108 1.328558 266.541837
20120530 1591074.960000 -0.418647 1.310022 264.203431
20120529 1591074.960000 -0.418468 1.316174 264.979444
20120528 1591074.960000 -0.418637 1.310351 264.244901
20120527 1591074.960000 -0.418600 1.311650 264.408709
20120526 1591074.960000 -0.419027 1.296972 262.557060
20120525 1591074.960000 -0.418522 1.314320 264.745655
20120524 1591074.960000 -0.418838 1.303464 263.376099
20120523 1733207.510000 -0.423627 1.138762 242.598256
20120522 1733207.510000 -0.424076 1.123322 240.650525
20120521 1733207.510000 -0.424065 1.123700 240.698112
20120520 1733207.510000 -0.424172 1.120022 240.234140
20120519 1733207.510000 -0.424068 1.123598 240.685263
20120518 1733207.510000 -0.423865 1.130580 241.566096
20120517 1733207.510000 -0.424064 1.123711 240.699539
20120516 1733207.510000 -0.424186 1.119524 240.171325
20120515 1733207.510000 -0.424775 1.099268 237.615910
20120514 1733207.510000 -0.425094 1.088306 236.233035
20120513 1733207.510000 -0.425927 1.059645 232.617385
20120512 1733207.510000 -0.425749 1.065767 233.389720
20120511 1733207.510000 -0.425598 1.070977 234.046895
20120510 1733207.510000 -0.426804 1.029483 228.812338
20120509 1733207.510000 -0.424680 1.102549 238.029916
20120508 1508589.670000 -0.416364 1.388542 274.109007
20120507 1508589.670000 -0.416237 1.392898 274.658463
20120506 1508589.670000 -0.416365 1.388516 274.105726
20120505 1508589.670000 -0.416023 1.400256 275.586797
20120504 1508589.670000 -0.416149 1.395923 275.040075
20120503 1508589.670000 -0.415300 1.425124 278.723888
20120502 1508589.670000 -0.416065 1.398813 275.404738
20120501 1508589.670000 -0.416994 1.366886 271.377037
20120430 1508589.670000 -0.417635 1.344827 268.594221
20120429 1508589.670000 -0.418198 1.325460 266.150920
20120428 1508589.670000 -0.417253 1.357959 270.250789
20120427 1508589.670000 -0.415614 1.414328 277.362003
20120426 1577913.480000 -0.418586 1.312134 264.469856
20120425 1577913.480000 -0.418174 1.326305 266.257499
20120424 1577913.480000 -0.418578 1.312383 264.501218
20120423 1577913.480000 -0.420244 1.255109 257.275902
20120422 1577913.480000 -0.417310 1.356013 270.005275
20120421 1577913.480000 -0.416628 1.379447 272.961680
20120420 1577913.480000 -0.415545 1.416705 277.661821
20120419 1577913.480000 -0.418103 1.328724 266.562757
20120418 1577913.480000 -0.418343 1.320496 265.524670
20120417 1577913.480000 -0.420052 1.261689 258.105954
20120416 1577913.480000 -0.420581 1.243516 255.813380
20120415 1577913.480000 -0.420136 1.258809 257.742675
20120414 1577913.480000 -0.420247 1.254989 257.260744
20120413 1577913.480000 -0.420485 1.246822 256.230497
20120412 1577913.480000 -0.420729 1.238407 255.168888
20120411 1626553.480000 -0.422406 1.180755 247.895873
20120410 1626553.480000 -0.423472 1.144089 243.270365
20120409 1626553.480000 -0.423060 1.158250 245.056779
20120408 1626553.480000 -0.423988 1.126339 241.031136
20120407 1626553.480000 -0.425219 1.083986 235.688122
20120406 1626553.480000 -0.422148 1.189602 249.011938
20120405 1626553.480000 -0.422510 1.177178 247.444579
20120404 1626553.480000 -0.422614 1.173592 246.992271
20120403 1626553.480000 -0.422124 1.190442 249.117916
20120402 1626553.480000 -0.421867 1.199285 250.233474
20120401 1626553.480000 -0.423585 1.140199 242.779520
20120331 1626553.480000 -0.422630 1.173050 246.923817
20120330 1626553.480000 -0.423199 1.153463 244.452856
20120329 1626553.480000 -0.423803 1.132714 241.835352
20120328 1498294.360000 -0.419251 1.289268 261.585246
20120327 1498294.360000 -0.418956 1.299414 262.865110
20120326 1498294.360000 -0.421393 1.215572 252.288210
20120325 1498294.360000 -0.422270 1.185420 248.484402
20120324 1498294.360000 -0.420672 1.240397 255.419884
20120323 1498294.360000 -0.420545 1.244743 255.968161
20120322 1498294.360000 -0.420312 1.252745 256.977739
20120321 1498294.360000 -0.418909 1.300998 263.064933
20120320 1498294.360000 -0.418617 1.311043 264.332136
20120319 1498294.360000 -0.420444 1.248207 256.405241
20120318 1498294.360000 -0.413015 1.503706 288.637426
20120317 1498294.360000 -0.413821 1.475985 285.140234
20120316 1498294.360000 -0.412198 1.531830 292.185262
20120315 1496978.590000 -0.412358 1.526315 291.489555
20120314 1496978.590000 -0.411679 1.549654 294.433899
20120313 1496978.590000 -0.413076 1.501613 288.373310
20120312 1496978.590000 -0.417901 1.335674 267.439485
20120311 1496978.590000 -0.417648 1.344387 268.538655
20120310 1496978.590000 -0.418624 1.310824 264.304507
20120309 1496978.590000 -0.418269 1.323039 265.845550
20120308 1496978.590000 -0.417392 1.353192 269.649396
20120307 1496978.590000 -0.417298 1.356406 270.054904
20120306 1496978.590000 -0.416631 1.379370 272.951866
20120305 1496978.590000 -0.416705 1.376823 272.630654
20120304 1496978.590000 -0.418791 1.305085 263.580542
20120303 1496978.590000 -0.421402 1.215269 252.249996
20120302 1496978.590000 -0.420251 1.254851 257.243370
20120301 1376302.260000 -0.412025 1.537778 292.935681
20120229 1376302.260000 -0.412871 1.508663 289.262743
20120228 1376302.260000 -0.412761 1.512449 289.740363
20120227 1376302.260000 -0.411546 1.554252 295.013956
20120226 1376302.260000 -0.412015 1.538110 292.977630
20120225 1376302.260000 -0.414073 1.467340 284.049677
20120224 1376302.260000 -0.410540 1.588844 299.377854
20120223 1376302.260000 -0.410730 1.582289 298.550858
20120222 1376302.260000 -0.418883 1.301896 263.178235
20120221 1376302.260000 -0.420993 1.229339 254.024956
20120220 1376302.260000 -0.419757 1.271836 259.386043
20120219 1376302.260000 -0.419409 1.283821 260.898006
20120218 1376302.260000 -0.421684 1.205592 251.029196
20120217 1379647.430000 -0.419235 1.289814 261.654123
20120216 1379647.430000 -0.421110 1.225319 253.517808
20120215 1379647.430000 -0.420404 1.249582 256.578641
20120214 1379647.430000 -0.418505 1.314892 264.817781
20120213 1379647.430000 -0.407522 1.692613 312.468727
20120212 1379647.430000 -0.404013 1.813301 327.693978
20120211 1379647.430000 -0.402831 1.853969 332.824460
20120210 1379647.430000 -0.398530 2.001868 351.482387
20120209 1379647.430000 -0.399668 1.962725 346.544403
20120208 1379647.430000 -0.402838 1.853723 332.793373
20120207 1379647.430000 -0.401598 1.896382 338.174939
20120206 1379647.430000 -0.404857 1.784285 324.033533
20120205 1379647.430000 -0.401614 1.895818 338.103798
20120204 1379647.430000 -0.399070 1.983306 349.140730
20120203 1307728.360000 -0.393371 2.179305 373.866770
20120202 1307728.360000 -0.391326 2.249647 382.740666
20120201 1307728.360000 -0.391680 2.237453 381.202398
20120131 1307728.360000 -0.400283 1.941577 343.876537
20120130 1307728.360000 -0.400186 1.944922 344.298472
20120129 1307728.360000 -0.401779 1.890138 337.387304
20120128 1307728.360000 -0.398206 2.013009 352.887924
20120127 1307728.360000 -0.403072 1.845689 331.779784
20120126 1307728.360000 -0.402374 1.869691 334.807756
20120125 1307728.360000 -0.396414 2.074667 360.666300
20120124 1307728.360000 -0.388567 2.344526 394.710018
20120123 1307728.360000 -0.387604 2.377632 398.886488
20120122 1307728.360000 -0.388277 2.354485 395.966364
20120121 1250757.730000 -0.386071 2.430372 405.539838
20120120 1250757.730000 -0.381362 2.592303 425.968124
20120119 1250757.730000 -0.383338 2.524351 417.395616
20120118 1250757.730000 -0.390022 2.294466 388.394822
20120117 1250757.730000 -0.394886 2.127187 367.291945
20120116 1250757.730000 -0.378433 2.693057 438.678516
20120115 1250757.730000 -0.373581 2.859922 459.729298
20120114 1250757.730000 -0.377407 2.728324 443.127647
20120113 1250757.730000 -0.382575 2.550596 420.706582
20120112 1250757.730000 -0.376648 2.754449 446.423447
20120111 1250757.730000 -0.375128 2.806726 453.018343
20120110 1250757.730000 -0.383335 2.524460 417.409464
20120109 1250757.730000 -0.383856 2.506531 415.147641
20120108 1250757.730000 -0.371881 2.918367 467.102314
20120107 1159929.490000 -0.368390 3.038422 482.247748
20120106 1159929.490000 -0.370244 2.974691 474.207794
20120105 1159929.490000 -0.366135 3.115980 492.031931
20120104 1159929.490000 -0.388650 2.341661 394.348664
20120103 1159929.490000 -0.400008 1.951038 345.070084
20120102 1159929.490000 -0.394502 2.140412 368.960273
20120101 1159929.490000 -0.393668 2.169090 372.578145
20111231 1159929.490000 -0.402611 1.861543 333.779876
20111230 1159929.490000 -0.410379 1.594364 300.074218
20111229 1159929.490000 -0.411723 1.548145 294.243527
20111228 1159929.490000 -0.411403 1.559147 295.631516
20111227 1159929.490000 -0.413297 1.494018 287.415220
20111226 1159929.490000 -0.414149 1.464726 283.719842
20111225 1155038.330000 -0.410463 1.591484 299.710960
20111224 1155038.330000 -0.415154 1.430165 279.359939
20111223 1155038.330000 -0.415042 1.434003 279.844079
20111222 1155038.330000 -0.415975 1.401920 275.796725
20111221 1155038.330000 -0.415977 1.401864 275.789584
20111220 1155038.330000 -0.414989 1.435826 280.074010
20111219 1155038.330000 -0.422063 1.192545 249.383242
20111218 1155038.330000 -0.427448 1.007340 226.018842
20111217 1155038.330000 -0.427331 1.011358 226.525832
20111216 1155038.330000 -0.427333 1.011302 226.518691
20111215 1155038.330000 -0.427333 1.011302 226.518691
20111214 1155038.330000 -0.428156 0.983000 222.948337
20111213 1155038.330000 -0.426512 1.039547 230.081905
20111212 1155038.330000 -0.428403 0.974510 221.877230
20111211 1090715.680000 -0.423336 1.148749 243.858243
20111210 1090715.680000 -0.426841 1.028208 228.651428
20111209 1090715.680000 -0.428236 0.980249 222.601218
20111208 1090715.680000 -0.428061 0.986249 223.358156
20111207 1090715.680000 -0.427887 0.992249 224.115094
20111206 1090715.680000 -0.427190 1.016219 227.139065
20111205 1090715.680000 -0.429808 0.926188 215.781215
20111204 1090715.680000 -0.430709 0.895192 211.870999
20111203 1090715.680000 -0.431303 0.874758 209.293176
20111202 1090715.680000 -0.425707 1.067229 233.574171
20111201 1090715.680000 -0.426667 1.034202 229.407610
20111130 1090715.680000 -0.428234 0.980315 222.609536
20111129 1090715.680000 -0.432067 0.848498 205.980344
20111128 1192497.750000 -0.439349 0.598041 174.384227
20111127 1192497.750000 -0.440467 0.559614 169.536522
20111126 1192497.750000 -0.440624 0.554197 168.853181
20111125 1192497.750000 -0.440049 0.573984 171.349311
20111124 1192497.750000 -0.441229 0.533402 166.229791
20111123 1192497.750000 -0.442823 0.478571 159.312698
20111122 1192497.750000 -0.442874 0.476822 159.092065
20111121 1192497.750000 -0.443430 0.457688 156.678241
20111120 1192497.750000 -0.444929 0.406153 150.176824
20111119 1192497.750000 -0.444995 0.403878 149.889793
20111118 1192497.750000 -0.447320 0.323910 139.801530
20111117 1192497.750000 -0.444132 0.433565 153.635024
20111116 1192497.750000 -0.439184 0.603715 175.100075
20111115 1192497.750000 -0.442873 0.476855 159.096214
20111114 1192497.750000 -0.444610 0.417118 151.560104
20111113 1203461.920000 -0.432661 0.828064 203.402474
20111112 1203461.920000 -0.432122 0.846605 205.741536
20111111 1203461.920000 -0.431347 0.873235 209.101067
20111110 1203461.920000 -0.435140 0.742810 192.647451
20111109 1203461.920000 -0.433401 0.802612 200.191662
20111108 1203461.920000 -0.432058 0.848789 206.017042
20111107 1203461.920000 -0.432504 0.833447 204.081645
20111106 1203461.920000 -0.433250 0.807816 200.848216
20111105 1203461.920000 -0.433085 0.813483 201.563025
20111104 1203461.920000 -0.430890 0.888984 211.087865
20111103 1203461.920000 -0.430210 0.912344 214.034822
20111102 1203461.920000 -0.428594 0.967914 221.045154
20111101 1203461.920000 -0.430242 0.911258 213.897754
20111031 1203461.920000 -0.428694 0.964502 220.614761
20111030 1468195.420000 -0.437660 0.656133 181.712815
20111029 1468195.420000 -0.433632 0.794680 199.190977
20111028 1468195.420000 -0.438696 0.620505 177.218141
20111027 1468195.420000 -0.440638 0.553719 168.792805
20111026 1468195.420000 -0.444095 0.434828 153.794269
20111025 1468195.420000 -0.444134 0.433483 153.624617
20111024 1468195.420000 -0.447047 0.333290 140.984928
20111023 1468195.420000 -0.438955 0.611603 176.095175
20111022 1468195.420000 -0.439100 0.606616 175.465999
20111021 1468195.420000 -0.446724 0.344423 142.389338
20111020 1468195.420000 -0.449598 0.245570 129.918739
20111019 1468195.420000 -0.450608 0.210833 125.536419
20111018 1468195.420000 -0.448679 0.277187 133.907264
20111017 1468195.420000 -0.446853 0.339961 141.826450
20111016 1468195.420000 -0.433944 0.783939 197.836002
20111015 1468195.420000 -0.430252 0.910908 213.853578
20111014 1468195.420000 -0.428365 0.975819 222.042411
20111013 1689334.400000 -0.434468 0.765898 195.560113
20111012 1689334.400000 -0.433300 0.806089 200.630354
20111011 1689334.400000 -0.435767 0.721257 189.928410
20111010 1689334.400000 -0.433863 0.786739 198.189217
20111009 1689334.400000 -0.433830 0.787854 198.329827
20111008 1689334.400000 -0.434903 0.750952 193.674579
20111007 1689334.400000 -0.431918 0.853614 206.625786
20111006 1689334.400000 -0.426723 1.032269 229.163825
20111005 1689334.400000 -0.425198 1.084736 235.782724
20111004 1689334.400000 -0.424185 1.119567 240.176770
20111003 1689334.400000 -0.423465 1.144340 243.301913
20111002 1689334.400000 -0.423431 1.145501 243.448381
20111001 1689334.400000 -0.423370 1.147590 243.712024
20110930 1689334.400000 -0.422158 1.189264 248.969256
20110929 1689334.400000 -0.426218 1.049654 231.356943
20110928 1689334.400000 -0.426295 1.046991 231.021042
20110927 1689334.400000 -0.424685 1.102384 238.009040
20110926 1755425.320000 -0.427264 1.013661 226.816356
20110925 1755425.320000 -0.422279 1.185099 248.443829
20110924 1755425.320000 -0.420782 1.236603 254.941327
20110923 1755425.320000 -0.419950 1.265225 258.552092
20110922 1755425.320000 -0.421220 1.221527 253.039391
20110921 1755425.320000 -0.419232 1.289903 261.665291
20110920 1755425.320000 -0.413812 1.476312 285.181545
20110919 1755425.320000 -0.420872 1.233519 254.552295
20110918 1755425.320000 -0.423687 1.136682 242.335833
20110917 1755425.320000 -0.428344 0.976533 222.132462
20110916 1755425.320000 -0.427802 0.995155 224.481692
20110915 1755425.320000 -0.427586 1.002604 225.421383
20110914 1755425.320000 -0.419146 1.292853 262.037409
20110913 1755425.320000 -0.417190 1.360145 270.526583
20110912 1777774.480000 -0.415007 1.435225 279.998246
20110911 1777774.480000 -0.417291 1.356654 270.086185
20110910 1777774.480000 -0.428952 0.955634 219.495935
20110909 1777774.480000 -0.426213 1.049816 231.377418
20110908 1777774.480000 -0.410173 1.601451 300.968298
20110907 1777774.480000 -0.403154 1.842847 331.421268
20110906 1777774.480000 -0.406614 1.723841 316.408195
20110905 1777774.480000 -0.398614 1.999000 351.120590
20110904 1777774.480000 -0.392551 2.207507 377.424551
20110903 1777774.480000 -0.389321 2.318577 391.436443
20110902 1777774.480000 -0.387610 2.377418 398.859470
20110901 1777774.480000 -0.392209 2.219282 378.910084
20110831 1777774.480000 -0.392321 2.215425 378.423412
20110830 1777774.480000 -0.385992 2.433074 405.880726
20110829 1805700.830000 -0.385576 2.447398 407.687700
20110828 1805700.830000 -0.384511 2.484006 412.306042
20110827 1805700.830000 -0.389564 2.310246 390.385477
20110826 1805700.830000 -0.393889 2.161504 371.621152
20110825 1805700.830000 -0.378332 2.696508 439.113982
20110824 1805700.830000 -0.365766 3.128667 493.632429
20110823 1805700.830000 -0.364825 3.161039 497.716356
20110822 1805700.830000 -0.365299 3.144743 495.660461
20110821 1805700.830000 -0.360917 3.295454 514.673266
20110820 1805700.830000 -0.359424 3.346777 521.147897
20110819 1805700.830000 -0.357350 3.418105 530.146149
20110818 1805700.830000 -0.365983 3.121212 492.691952
20110817 1805700.830000 -0.364767 3.163045 497.969404
20110816 1805700.830000 -0.364572 3.169758 498.816244
20110815 1805700.830000 -0.362617 3.236994 507.298353
20110814 1888786.700000 -0.371344 2.936845 469.433423
20110813 1888786.700000 -0.378034 2.706765 440.407870
20110812 1888786.700000 -0.384782 2.474680 411.129485
20110811 1888786.700000 -0.384763 2.475362 411.215509
20110810 1888786.700000 -0.379554 2.654497 433.814131
20110809 1888786.700000 -0.379453 2.657959 434.250802
20110808 1888786.700000 -0.401496 1.899877 338.615820
20110807 1888786.700000 -0.400489 1.934522 342.986464
20110806 1888786.700000 -0.414076 1.467230 284.035815
20110805 1888786.700000 -0.381367 2.592157 425.949678
20110804 1888786.700000 -0.371804 2.921027 467.437834
20110803 1888786.700000 -0.386800 2.405275 402.373785
20110802 1888786.700000 -0.358720 3.371011 524.205126
20110801 1888786.700000 -0.348206 3.732591 569.819828
20110731 1690895.800000 -0.329911 4.361806 649.197657
20110730 1690895.800000 -0.327883 4.431535 657.994218
20110729 1690895.800000 -0.328243 4.419154 656.432358
20110728 1690895.800000 -0.328335 4.415980 656.031893
20110727 1690895.800000 -0.323284 4.589699 677.947205
20110726 1690895.800000 -0.323928 4.567559 675.154196
20110725 1690895.800000 -0.322065 4.631612 683.234702
20110724 1690895.800000 -0.322828 4.605401 679.928065
20110723 1690895.800000 -0.326200 4.489401 665.294282
20110722 1690895.800000 -0.326027 4.495363 666.046433
20110721 1690895.800000 -0.326987 4.462335 661.879846
20110720 1690895.800000 -0.326094 4.493047 665.754255
20110719 1690895.800000 -0.324287 4.555225 673.598189
20110718 1563027.990000 -0.316051 4.838458 709.329211
20110717 1563027.990000 -0.319943 4.704608 692.443438
20110716 1563027.990000 -0.313143 4.938470 721.946050
20110715 1563027.990000 -0.312037 4.976492 726.742665
20110714 1563027.990000 -0.309848 5.051783 736.240913
20110713 1563027.990000 -0.310323 5.035466 734.182431
20110712 1563027.990000 -0.309612 5.059910 737.266196
20110711 1563027.990000 -0.307183 5.143437 747.803446
20110710 1563027.990000 -0.298780 5.432421 784.259831
20110709 1563027.990000 -0.305105 5.214913 756.820449
20110708 1563027.990000 -0.305908 5.187302 753.337231
20110707 1563027.990000 -0.300287 5.380591 777.721343
20110706 1563027.990000 -0.300198 5.383678 778.110771
20110705 1379192.280000 -0.302097 5.318355 769.870076
20110704 1379192.280000 -0.288960 5.770156 826.866399
20110703 1379192.280000 -0.267175 6.519367 921.382255
20110702 1379192.280000 -0.267733 6.500173 918.960887
20110701 1379192.280000 -0.267775 6.498751 918.781483
20110630 1379192.280000 -0.258071 6.832463 960.880624
20110629 1379192.280000 -0.247816 7.185157 1005.374223
20110628 1379192.280000 -0.246372 7.234836 1011.641432
20110627 1379192.280000 -0.249125 7.140142 999.695461
20110626 1379192.280000 -0.253261 6.997917 981.753182
20110625 1379192.280000 -0.238650 7.500391 1045.142297
20110624 1379192.280000 -0.238650 7.500391 1045.142297
20110623 876954.490000 -0.100427 12.254082 1644.838637
20110622 876954.490000 -0.100427 12.254082 1644.838637
20110621 876954.490000 -0.100427 12.254082 1644.838637
20110620 876954.490000 -0.100427 12.254082 1644.838637
20110619 876954.490000 -0.100427 12.254082 1644.838637
20110618 876954.490000 -0.113867 11.791859 1586.527384
20110617 876954.490000 -0.140076 10.890523 1472.820441
20110616 876954.490000 -0.111483 11.873866 1596.872929
20110615 876954.490000 -0.057506 13.730214 1831.058444
20110614 567269.530000 0.166105 21.420551 2801.223915
20110613 567269.530000 0.184872 22.065961 2882.644892
20110612 567269.530000 0.141521 20.575063 2694.562436
20110611 567269.530000 0.010983 16.085659 2128.206845
20110610 567269.530000 0.322595 26.802465 3480.173085
20110609 567269.530000 0.489124 32.529673 4202.682478
20110608 567269.530000 0.511946 33.314538 4301.696202
20110607 567269.530000 0.321713 26.772153 3476.349207
20110606 567269.530000 0.141638 20.579097 2695.071317
20110605 434877.040000 0.250022 24.306561 3165.305274
20110604 434877.040000 0.345755 27.598979 3580.656383
20110603 434877.040000 0.144671 20.683399 2708.229397
20110602 434877.040000 -0.016633 15.135901 2008.391228
20110601 434877.040000 -0.061658 13.587413 1813.043446
20110531 434877.040000 -0.097897 12.341105 1655.816931
20110530 434877.040000 -0.095318 12.429805 1667.006755
20110529 434877.040000 -0.111496 11.873401 1596.814315
20110528 434877.040000 -0.117171 11.678262 1572.196701
20110527 434877.040000 -0.108423 11.979089 1610.147275
20110526 434877.040000 -0.095405 12.426798 1666.627439
20110525 244112.480000 0.174123 21.696297 2836.010375
20110524 244112.480000 0.097829 19.072439 2505.000567
20110523 244112.480000 0.076796 18.349077 2413.745653
20110522 244112.480000 0.040989 17.117601 2258.390319
20110521 244112.480000 -0.003430 15.589968 2065.673483
20110520 244112.480000 -0.044651 14.172329 1886.832907
20110519 244112.480000 0.049937 17.425330 2297.211415
20110518 244112.480000 0.055777 17.626196 2322.551555
20110517 157416.400000 0.388290 29.061812 3765.198432
20110516 157416.400000 0.490200 32.566650 4207.347238
20110515 157416.400000 0.363776 28.218745 3658.842332
20110514 157416.400000 0.389218 29.093750 3769.227588
20110513 157416.400000 0.510019 33.248280 4293.337499
20110512 157416.400000 0.280833 25.366215 3298.984719
20110511 157416.400000 0.184199 22.042833 2879.727179
20110510 157416.400000 0.221636 23.330338 3042.150900
20110509 157416.400000 -0.021099 14.982321 1989.016451
20110508 109670.130000 0.190113 22.246209 2905.383930
20110507 109670.130000 0.151129 20.905488 2736.246847
20110506 109670.130000 0.118021 19.766859 2592.604416
20110505 109670.130000 0.097740 19.069375 2504.614026
20110504 109670.130000 0.110410 19.505094 2559.581698
20110503 109670.130000 0.111087 19.528403 2562.522231
20110502 109670.130000 0.074686 18.276507 2404.590763
20110501 109670.130000 0.045758 17.281608 2279.080368
20110430 109670.130000 0.126688 20.064930 2630.207147
20110429 92347.590000 0.112861 19.589387 2570.215560
20110428 92347.590000 -0.024940 14.850199 1972.348856
20110427 92347.590000 -0.088877 12.651332 1694.953210
20110426 92347.590000 -0.110512 11.907261 1601.085788
20110425 92347.590000 -0.159073 10.237172 1390.397637
20110424 92347.590000 -0.144435 10.740605 1453.907745
20110423 92347.590000 -0.130027 11.236110 1516.417553
20110422 92347.590000 -0.189949 9.175295 1256.437841
20110421 92347.590000 -0.230916 7.766374 1078.697065
20110420 92347.590000 -0.244894 7.285666 1018.053888
20110419 92347.590000 -0.233407 7.680711 1067.890254
20110418 92347.590000 -0.240799 7.426480 1035.818141
20110417 82345.640000 -0.223217 8.031177 1112.102896
20110416 82345.640000 -0.237622 7.535748 1049.602651
20110415 82345.640000 -0.251471 7.059453 989.516278
20110414 82345.640000 -0.249142 7.139564 999.622487
20110413 82345.640000 -0.267033 6.524247 921.997984
20110412 82345.640000 -0.281462 6.028025 859.397579
20110411 82345.640000 -0.302239 5.313464 769.252995
20110410 82345.640000 -0.309881 5.050664 736.099820
20110409 82345.640000 -0.311474 4.995881 729.188736
20110408 82345.640000 -0.306859 5.154593 749.210849
20110407 82345.640000 -0.305979 5.184843 753.026970
20110406 82345.640000 -0.309165 5.075277 739.204800
20110405 82345.640000 -0.316091 4.837090 709.156606
20110404 68977.780000 -0.292593 5.645208 811.103787
20110403 68977.780000 -0.265309 6.583555 929.479803
20110402 68977.780000 -0.264485 6.611894 933.054998
20110401 68977.780000 -0.266657 6.537206 923.632745
20110331 68977.780000 -0.263763 6.636728 936.187777
20110330 68977.780000 -0.262360 6.684972 942.273979
20110329 68977.780000 -0.261588 6.711511 945.621987
20110328 68977.780000 -0.259802 6.772930 953.370236
20110327 68977.780000 -0.254009 6.972163 978.504214
20110326 68977.780000 -0.244308 7.305797 1020.593464
20110325 68977.780000 -0.236435 7.576590 1054.755108
20110324 76192.610000 -0.263712 6.638466 936.407079
20110323 76192.610000 -0.267996 6.491135 917.820684
20110322 76192.610000 -0.278151 6.141899 873.763240
20110321 76192.610000 -0.290636 5.712519 819.595316
20110320 76192.610000 -0.295100 5.559010 800.229526
20110319 76192.610000 -0.289131 5.764261 826.122746
20110318 76192.610000 -0.276287 6.205997 881.849458
20110317 76192.610000 -0.274057 6.282709 891.526941
20110316 76192.610000 -0.265429 6.579430 928.959531
20110315 76192.610000 -0.262934 6.665238 939.784456
20110314 76192.610000 -0.256721 6.878898 966.738519
20110313 76192.610000 -0.257323 6.858218 964.129712
20110312 76192.610000 -0.250958 7.077113 991.744095
20110311 76192.610000 -0.260439 6.751045 950.609381
20110310 76192.610000 -0.247240 7.204966 1007.873233
20110309 76192.610000 -0.264309 6.617958 933.819922
20110308 55589.510000 -0.182486 9.431956 1288.816583
20110307 55589.510000 -0.177346 9.608724 1311.116532
20110306 55589.510000 -0.172258 9.783727 1333.193926
20110305 55589.510000 -0.168701 9.906042 1348.624364
20110304 55589.510000 -0.171882 9.796665 1334.825992
20110303 55589.510000 -0.158856 10.244641 1391.339968
20110302 55589.510000 -0.158579 10.254168 1392.541762
20110301 55589.510000 -0.165312 10.022593 1363.327790
20110228 55589.510000 -0.185903 9.314463 1273.994461
20110227 55589.510000 -0.175643 9.667294 1318.505337
20110226 36459.880000 0.019501 16.378590 2165.161209
20110225 36459.880000 -0.004953 15.537592 2059.066104
20110224 36459.880000 0.040059 17.085638 2254.358010
20110223 36459.880000 -0.010741 15.338550 2033.956176
20110222 36459.880000 -0.026263 14.804723 1966.611799
20110221 36459.880000 -0.044892 14.164022 1885.784974
20110220 36459.880000 -0.036811 14.441964 1920.848388
20110219 36459.880000 0.014798 16.216846 2144.756564
20110218 36459.880000 -0.011314 15.318825 2031.467804
20110217 25997.870000 0.280469 25.353680 3297.403384
20110216 25997.870000 0.284125 25.479419 3313.265824
20110215 25997.870000 0.287781 25.605158 3329.128263
20110214 25997.870000 0.302405 26.108114 3392.578020
20110213 25997.870000 0.287781 25.605158 3329.128263
20110212 25997.870000 0.309644 26.357076 3423.985650
20110211 25997.870000 0.302412 26.108365 3392.609745
20110210 25997.870000 0.236822 23.852610 3108.037583
20110209 25997.870000 0.317030 26.611069 3456.027778
20110208 25997.870000 0.191260 22.285653 2910.359864
20110207 22012.380000 0.288615 25.633839 3332.746511
20110206 22012.380000 0.296974 25.921345 3369.016389
20110205 22012.380000 0.314523 26.524868 3445.153158
20110204 22012.380000 0.220389 23.287465 3036.742342
20110203 22012.380000 0.115892 19.693651 2583.368868
20110202 22012.380000 0.138346 20.465875 2680.787962
20110201 22012.380000 0.124528 19.990660 2620.837751
20110131 22012.380000 -0.030913 14.644787 1946.435341
20110130 22012.380000 -0.065553 13.453483 1796.147654
20110129 22012.380000 -0.100874 12.238714 1642.899926
20110128 22012.380000 -0.094829 12.446621 1669.128144
20110127 22012.380000 -0.116247 11.710037 1576.205316
20110126 18437.640000 -0.050052 13.986588 1863.400922
20110125 18437.640000 -0.057269 13.738372 1832.087506
20110124 18437.640000 -0.047061 14.089420 1876.373622
20110123 18437.640000 -0.023863 14.887258 1977.023888
20110122 18437.640000 -0.021904 14.954631 1985.523244
20110121 18437.640000 -0.047051 14.089775 1876.418356
20110120 18437.640000 -0.077890 13.029183 1742.620603
20110119 18437.640000 -0.157291 10.298451 1398.128294
20110118 18437.640000 -0.157291 10.298451 1398.128294
20110117 18437.640000 -0.119648 11.593075 1561.450125
20110116 18437.640000 -0.081200 12.915358 1728.261165
20110115 18437.640000 -0.082014 12.887345 1724.727222
20110114 16307.420000 -0.013705 15.236588 2021.093279
20110113 16307.420000 -0.109762 11.933051 1604.339360
20110112 16307.420000 -0.108363 11.981161 1610.408591
20110111 16307.420000 -0.099282 12.293473 1649.808021
20110110 16307.420000 -0.099282 12.293473 1649.808021
20110109 16307.420000 -0.103467 12.149545 1631.650903
20110108 16307.420000 -0.103584 12.145536 1631.145134
20110107 16307.420000 -0.106964 12.029271 1616.477823
20110106 16307.420000 -0.132610 11.147258 1505.208573
20110105 16307.420000 -0.131445 11.187350 1510.266266
20110104 16307.420000 -0.131503 11.185345 1510.013381
20110103 16307.420000 -0.136108 11.026984 1490.035493
20110102 14484.160000 -0.086296 12.740096 1706.151220
20110101 14484.160000 -0.086256 12.741450 1706.322050
20101231 14484.160000 -0.086256 12.741450 1706.322050
20101230 14484.160000 -0.086256 12.741450 1706.322050
20101229 14484.160000 -0.086256 12.741450 1706.322050
20101228 14484.160000 -0.111193 11.883825 1598.129334
20101227 14484.160000 -0.132193 11.161615 1507.019678
20101226 14484.160000 -0.132193 11.161615 1507.019678
20101225 14484.160000 -0.152011 10.480028 1421.034940
20101224 14484.160000 -0.154505 10.394266 1410.215668
20101223 14484.160000 -0.151880 10.484542 1421.604375
20101222 14484.160000 -0.151880 10.484542 1421.604375
20101221 14484.160000 -0.165005 10.033160 1364.660840
20101220 12251.990000 -0.065723 13.447605 1795.406184
20101219 12251.990000 -0.107461 12.012172 1614.320806
20101218 12251.990000 -0.106065 12.060198 1620.379425
20101217 12251.990000 -0.107617 12.006836 1613.647626
20101216 12251.990000 -0.092163 12.538320 1680.696339
20101215 12251.990000 -0.110704 11.900646 1600.251347
20101214 12251.990000 -0.097236 12.363827 1658.683358
20101213 12251.990000 -0.123288 11.467882 1545.656462
20101212 12251.990000 -0.138649 10.939600 1479.011658
20101211 12251.990000 -0.126236 11.366494 1532.866045
20101210 12251.990000 -0.163474 10.085811 1371.302882
20101209 12251.990000 -0.169681 9.872363 1344.375689
20101208 8078.190000 0.081961 18.526691 2436.152392
20101207 8078.190000 0.068312 18.057282 2376.934674
20101206 8078.190000 0.000067 15.710238 2080.846083
20101205 8078.190000 -0.032879 14.577183 1937.906764
20101204 8078.190000 0.002420 15.791171 2091.056035
20101203 8078.190000 0.110788 19.518115 2561.224296
20101202 8078.190000 0.120084 19.837798 2601.553604
20101201 8078.190000 0.055369 17.612153 2320.779941
20101130 8078.190000 0.009951 16.050155 2123.727879
20101129 6866.890000 0.156450 21.088506 2759.335238
20101128 6866.890000 0.267462 24.906380 3240.974653
20101127 6866.890000 0.303451 26.144094 3397.117107
20101126 6866.890000 0.307327 26.277386 3413.932448
20101125 6866.890000 0.295146 25.858468 3361.084233
20101124 6866.890000 0.303424 26.143142 3396.996997
20101123 6866.890000 0.303313 26.139334 3396.516559
20101122 6866.890000 0.317016 26.610617 3455.970801
20101121 6866.890000 0.286149 25.549039 3322.048620
20101120 6866.890000 0.303479 26.145046 3397.237216
20101119 6866.890000 0.295146 25.858468 3361.084233
20101118 6866.890000 0.261372 24.696920 3214.550546
20101117 4536.350000 0.483425 32.333679 4177.957024
20101116 4536.350000 0.454510 31.339236 4052.504249
20101115 4536.350000 0.643926 37.853557 4874.310836
20101114 4536.350000 0.689353 39.415841 5071.398964
20101113 4536.350000 0.676613 38.977709 5016.127016
20101112 4536.350000 0.643926 37.853557 4874.310836
20101111 4536.350000 0.454929 31.353648 4054.322405
20101110 4536.350000 0.525751 33.789312 4361.590797
20101109 4536.350000 0.400032 29.465648 3816.143947
20101108 3091.730000 1.014137 50.585662 6480.514896
20101107 3091.730000 1.610562 71.097634 9068.179064
20101106 3091.730000 1.917998 81.670816 10402.026574
20101105 3091.730000 1.118665 54.180544 6934.023049
20101104 3091.730000 0.934204 47.836635 6133.714543
20101103 3091.730000 0.707316 40.033627 5149.335082
20101102 3091.730000 0.711620 40.181651 5168.008947
20101101 3091.730000 0.722073 40.541140 5213.359762
20101031 3091.730000 0.703627 39.906749 5133.328911
20101030 3091.730000 0.742979 41.260116 5304.061393
20101029 2149.020000 1.200733 57.003001 7290.086883
20101028 2149.020000 1.051237 51.861576 6641.476368
20101027 2149.020000 1.180388 56.303280 7201.814446
20101026 2149.020000 0.849549 44.925216 5766.427862
20101025 2149.020000 0.687667 39.357874 5064.086298
20101024 2149.020000 0.537374 34.189069 4412.021644
20101023 2149.020000 0.453249 31.295877 4047.034306
20101022 2149.020000 0.426711 30.383198 3931.896345
20101021 2149.020000 0.466518 31.752216 4104.603287
20101020 1378.020000 0.885732 46.169606 5923.412434
20101019 1378.020000 0.858141 45.220725 5803.707455
20101018 1378.020000 0.932636 47.782703 6126.910897
20101017 1378.020000 0.927117 47.592927 6102.969901
20101016 1378.020000 0.913322 47.118487 6043.117412
20101015 1378.020000 0.968503 49.016249 6282.527369
20101014 1378.020000 0.927117 47.592927 6102.969901
20101013 1378.020000 0.968503 49.016249 6282.527369
20101012 1378.020000 0.829171 44.224400 5678.017228
20101011 1318.670000 0.889535 46.300414 5939.914341
20101010 1318.670000 0.911159 47.044104 6033.733788
20101009 1318.670000 0.872236 45.705461 5864.858783
20101008 1318.670000 0.772043 42.259694 5430.162009
20101007 1318.670000 0.485883 32.418186 4188.617988
20101006 1318.670000 0.425479 30.340810 3926.548998
20101005 1318.670000 0.405152 29.641741 3838.358717
20101004 1318.670000 0.403711 29.592162 3832.104087
20101003 1318.670000 0.400971 29.497961 3820.220290
20101002 1318.670000 0.405152 29.641741 3838.358717
20101001 1318.670000 0.413369 29.924344 3874.010107
20100930 1318.670000 0.412360 29.889638 3869.631866
20100929 1318.670000 0.412504 29.894596 3870.257329
20100928 1318.670000 0.412360 29.889638 3869.631866
20100927 917.830000 0.808291 43.506289 5587.424793
20100926 917.830000 0.804148 43.363825 5569.452417
20100925 917.830000 0.804562 43.378072 5571.249655
20100924 917.830000 0.808291 43.506289 5587.424793
20100923 917.830000 0.810569 43.584644 5597.309599
20100922 917.830000 0.808291 43.506289 5587.424793
20100921 917.830000 0.817611 43.826833 5627.862638
20100920 917.830000 0.806219 43.435057 5578.438605
20100919 917.830000 0.818647 43.862449 5632.355732
20100918 712.880000 1.146669 55.143630 7055.520152
20100917 712.880000 1.093335 53.309413 6824.126573
20100916 712.880000 1.170669 55.969028 7159.647262
20100915 712.880000 1.130669 54.593365 6986.102078
20100914 712.880000 1.173069 56.051568 7170.059973
20100913 712.880000 1.178402 56.234990 7193.199331
20100912 712.880000 1.160002 55.602185 7113.368546
20100911 712.880000 1.217602 57.583140 7363.273611
20100910 712.880000 1.168002 55.877317 7148.077583
20100909 712.880000 1.149602 55.244512 7068.246799
20100908 712.880000 1.173335 56.060739 7171.216941
20100907 623.380000 1.380213 63.175577 8068.781119
20100906 623.380000 1.398510 63.804845 8148.165694
20100905 623.380000 1.398510 63.804845 8148.165694
20100904 623.380000 1.422296 64.622893 8251.365641
20100903 623.380000 1.375639 63.018260 8048.934975
20100902 623.380000 1.453402 65.692649 8386.319418
20100901 623.380000 1.438154 65.168259 8320.165606
20100831 623.380000 1.349718 62.126797 7936.473494
20100830 623.380000 1.501279 67.339234 8594.042390
20100829 623.380000 1.471699 66.321917 8465.703993
20100828 623.380000 1.474748 66.426795 8478.934756
20100827 623.380000 1.502194 67.370697 8598.011618
20100826 623.380000 1.471699 66.321917 8465.703993
20100825 511.770000 1.927054 81.982288 10441.319990
20100824 511.770000 1.934483 82.237789 10473.552410
20100823 511.770000 1.931140 82.122813 10459.047821
20100822 511.770000 1.971629 83.515293 10634.714509
20100821 511.770000 1.986488 84.026295 10699.179348
20100820 511.770000 1.953056 82.876541 10554.133459
20100819 511.770000 1.997631 84.409546 10747.527978
20100818 511.770000 2.045921 86.070302 10957.038706
20100817 511.770000 2.120213 88.625311 11279.362903
20100816 511.770000 1.953056 82.876541 10554.133459
20100815 511.770000 1.945256 82.608265 10520.289419
20100814 352.160000 3.136766 123.586148 15689.807012
20100813 352.160000 3.001812 118.944874 15104.292422
20100812 352.160000 3.298711 129.155677 16392.424520
20100811 352.160000 3.136766 123.586148 15689.807012
20100810 352.160000 3.298711 129.155677 16392.424520
20100809 352.160000 3.352693 131.012187 16626.630356
20100808 352.160000 2.807479 112.261439 14261.151413
20100807 352.160000 2.704914 108.734071 13816.160324
20100806 352.160000 2.883053 114.860553 14589.039583
20100805 352.160000 2.812877 112.447090 14284.571996
20100804 244.210000 3.957078 151.797934 19248.832309
20100803 244.210000 4.190609 159.829404 20262.033168
20100802 244.210000 4.190609 159.829404 20262.033168
20100801 244.210000 4.276237 162.774277 20633.540149
20100731 244.210000 4.801680 180.845085 22913.242080
20100730 244.210000 4.400786 167.057728 21173.913940
20100729 244.210000 4.961259 186.333256 23605.596000
20100728 244.210000 4.104981 156.884532 19890.526186
20100727 244.210000 4.190609 159.829404 20262.033168
20100726 181.540000 5.384100 200.875405 25440.144036
20100725 181.540000 4.808162 181.067999 22941.363604
20100724 181.540000 5.231215 195.617439 24776.831412
20100723 181.540000 6.077321 224.716319 28447.767029
20100722 181.540000 4.808162 181.067999 22941.363604
20100721 181.540000 7.814560 284.462658 35984.997459
20100720 181.540000 7.346480 268.364639 33954.170454
20100719 181.540000 7.981059 290.188799 36707.372166
20100718 181.540000 8.508828 308.339585 38997.163689
20100717 181.540000 4.704493 177.502666 22491.583126
