20090111 0.000002 0.000006 0.000000 0.000000
20090113 0.000002 0.000006 0.000000 0.000000
20090114 0.000002 0.000006 0.000000 0.000000
20090115 0.000002 0.000006 0.000000 0.000000
20090116 0.000002 0.000006 0.000000 0.000000
20090118 0.000002 0.000006 0.000000 0.000000
20090119 0.000002 0.000006 0.000000 0.000000
20090120 0.000002 0.000006 0.000000 0.000000
20090122 0.000002 0.000006 0.000000 0.000000
20090123 0.000002 0.000006 0.000000 0.000000
20090124 0.000002 0.000006 0.000000 0.000000
20090125 0.000002 0.000006 0.000000 0.000000
20090126 0.000002 0.000006 0.000000 0.000000
20090127 0.000002 0.000006 0.000000 0.000000
20090128 0.000002 0.000006 0.000000 0.000000
20090130 0.000002 0.000006 0.000000 0.000000
20090131 0.000002 0.000006 0.000000 0.000000
20090201 0.000002 0.000006 0.000000 0.000000
20090202 0.000002 0.000006 0.000000 0.000000
20090203 0.000002 0.000006 0.000000 0.000000
20090204 0.000002 0.000006 0.000000 0.000000
20090205 0.000002 0.000006 0.000000 0.000000
20090207 0.000002 0.000006 0.000000 0.000000
20090208 0.000002 0.000006 0.000000 0.000000
20090209 0.000002 0.000006 0.000000 0.000000
20090210 0.000002 0.000006 0.000000 0.000000
20090211 0.000002 0.000006 0.000000 0.000000
20090212 0.000002 0.000006 0.000000 0.000000
20090213 0.000002 0.000006 0.000000 0.000000
20090215 0.000002 0.000006 0.000000 0.000000
20090216 0.000002 0.000006 0.000000 0.000000
20090217 0.000002 0.000006 0.000000 0.000000
20090218 0.000002 0.000006 0.000000 0.000000
20090219 0.000002 0.000006 0.000000 0.000000
20090220 0.000002 0.000006 0.000000 0.000000
20090222 0.000002 0.000006 0.000000 0.000000
20090223 0.000002 0.000006 0.000000 0.000000
20090224 0.000002 0.000006 0.000000 0.000000
20090226 0.000002 0.000006 0.000000 0.000000
20090227 0.000002 0.000006 0.000000 0.000000
20090228 0.000002 0.000006 0.000000 0.000000
20090302 0.000002 0.000006 0.000000 0.000000
20090303 0.000002 0.000006 0.000000 0.000000
20090304 0.000002 0.000006 0.000000 0.000000
20090306 0.000002 0.000006 0.000000 0.000000
20090307 0.000002 0.000006 0.000000 0.000000
20090308 0.000002 0.000006 0.000000 0.000000
20090310 0.000002 0.000006 0.000000 0.000000
20090311 0.000002 0.000006 0.000000 0.000000
20090312 0.000002 0.000006 0.000000 0.000000
20090313 0.000002 0.000006 0.000000 0.000000
20090315 0.000002 0.000006 0.000000 0.000000
20090316 0.000002 0.000006 0.000000 0.000000
20090317 0.000002 0.000006 0.000000 0.000000
20090318 0.000002 0.000006 0.000000 0.000000
20090320 0.000002 0.000006 0.000000 0.000000
20090321 0.000002 0.000006 0.000000 0.000000
20090323 0.000002 0.000006 0.000000 0.000000
20090324 0.000002 0.000006 0.000000 0.000000
20090325 0.000002 0.000006 0.000000 0.000000
20090326 0.000002 0.000006 0.000000 0.000000
20090328 0.000002 0.000006 0.000000 0.000000
20090329 0.000002 0.000006 0.000000 0.000000
20090330 0.000002 0.000006 0.000000 0.000000
20090331 0.000002 0.000006 0.000000 0.000000
20090402 0.000002 0.000006 0.000000 0.000000
20090403 0.000002 0.000006 0.000000 0.000000
20090404 0.000002 0.000006 0.000000 0.000000
20090405 0.000002 0.000006 0.000000 0.000000
20090406 0.000002 0.000006 0.000000 0.000000
20090408 0.000002 0.000006 0.000000 0.000000
20090409 0.000002 0.000006 0.000000 0.000000
20090411 0.000002 0.000006 0.000000 0.000000
20090412 0.000002 0.000006 0.000000 0.000000
20090413 0.000002 0.000006 0.000000 0.000000
20090414 0.000002 0.000006 0.000000 0.000000
20090415 0.000002 0.000006 0.000000 0.000000
20090417 0.000002 0.000006 0.000000 0.000000
20090418 0.000002 0.000006 0.000000 0.000000
20090419 0.000002 0.000006 0.000000 0.000000
20090420 0.000002 0.000006 0.000000 0.000000
20090421 0.000002 0.000006 0.000000 0.000000
20090423 0.000002 0.000006 0.000000 0.000000
20090424 0.000002 0.000006 0.000000 0.000000
20090426 0.000002 0.000006 0.000000 0.000000
20090427 0.000002 0.000006 0.000000 0.000000
20090428 0.000002 0.000006 0.000000 0.000000
20090429 0.000002 0.000006 0.000000 0.000000
20090430 0.000002 0.000006 0.000000 0.000000
20090502 0.000002 0.000006 0.000000 0.000000
20090503 0.000002 0.000006 0.000000 0.000000
20090504 0.000002 0.000006 0.000000 0.000000
20090505 0.000002 0.000006 0.000000 0.000000
20090506 0.000002 0.000006 0.000000 0.000000
20090507 0.000002 0.000006 0.000000 0.000000
20090509 0.000002 0.000006 0.000000 0.000000
20090510 0.000002 0.000006 0.000000 0.000000
20090512 0.000002 0.000006 0.000000 0.000000
20090513 0.000002 0.000006 0.000000 0.000000
20090514 0.000002 0.000006 0.000000 0.000000
20090515 0.000002 0.000006 0.000000 0.000000
20090516 0.000002 0.000006 0.000000 0.000000
20090517 0.000002 0.000006 0.000000 0.000000
20090519 0.000002 0.000006 0.000000 0.000000
20090520 0.000002 0.000006 0.000000 0.000000
20090522 0.000002 0.000006 0.000000 0.000000
20090524 0.000002 0.000006 0.000000 0.000000
20090525 0.000002 0.000006 0.000000 0.000000
20090527 0.000002 0.000006 0.000000 0.000000
20090528 0.000002 0.000006 0.000000 0.000000
20090529 0.000002 0.000006 0.000000 0.000000
20090531 0.000002 0.000006 0.000000 0.000000
20090601 0.000002 0.000006 0.000000 0.000000
20090603 0.000002 0.000006 0.000000 0.000000
20090605 0.000002 0.000006 0.000000 0.000000
20090609 0.000002 0.000006 0.000000 0.000000
20090610 0.000002 0.000006 0.000000 0.000000
20090612 0.000002 0.000006 0.000000 0.000000
20090614 0.000002 0.000006 0.000000 0.000000
20090616 0.000002 0.000006 0.000000 0.000000
20090618 0.000002 0.000006 0.000000 0.000000
20090619 0.000002 0.000006 0.000000 0.000000
20090621 0.000002 0.000006 0.000000 0.000000
20090623 0.000002 0.000006 0.000000 0.000000
20090625 0.000002 0.000006 0.000000 0.000000
20090626 0.000002 0.000006 0.000000 0.000000
20090629 0.000002 0.000006 0.000000 0.000000
20090630 0.000002 0.000006 0.000000 0.000000
20090702 0.000002 0.000006 0.000000 0.000000
20090704 0.000002 0.000006 0.000000 0.000000
20090706 0.000002 0.000006 0.000000 0.000000
20090707 0.000002 0.000006 0.000000 0.000000
20090709 0.000002 0.000006 0.000000 0.000000
20090711 0.000002 0.000006 0.000000 0.000000
20090713 0.000002 0.000006 0.000000 0.000000
20090715 0.000002 0.000006 0.000000 0.000000
20090719 0.000002 0.000006 0.000000 0.000000
20090721 0.000002 0.000006 0.000000 0.000000
20090723 0.000002 0.000006 0.000000 0.000000
20090725 0.000002 0.000006 0.000000 0.000000
20090728 0.000002 0.000006 0.000000 0.000000
20090804 0.000002 0.000006 0.000000 0.000000
20090805 0.000002 0.000006 0.000000 0.000000
20090807 0.000002 0.000006 0.000000 0.000000
20090809 0.000002 0.000006 0.000000 0.000000
20090810 0.000002 0.000006 0.000000 0.000000
20090813 0.000002 0.000006 0.000000 0.000000
20090814 0.000002 0.000006 0.000000 0.000000
20090823 0.000002 0.000006 0.000000 0.000000
20090827 0.000002 0.000006 0.000000 0.000000
20090829 0.000002 0.000006 0.000000 0.000000
20090831 0.000002 0.000006 0.000000 0.000000
20090902 0.000002 0.000006 0.000000 0.000000
20090904 0.000002 0.000006 0.000000 0.000000
20090906 0.000002 0.000006 0.000000 0.000000
20090908 0.000002 0.000006 0.000000 0.000000
20090910 0.000002 0.000006 0.000000 0.000000
20090912 0.000002 0.000006 0.000000 0.000000
20090914 0.000002 0.000006 0.000000 0.000000
20090917 0.000002 0.000006 0.000000 0.000000
20090919 0.000002 0.000006 0.000000 0.000000
20090920 0.000002 0.000006 0.000000 0.000000
20090924 0.000002 0.000006 0.000000 0.000000
20090925 0.000002 0.000006 0.000000 0.000000
20090927 0.000002 0.000006 0.000000 0.000000
20090928 0.000002 0.000006 0.000000 0.000000
20090930 0.000002 0.000006 0.000000 0.000000
20091002 0.000002 0.000006 0.000000 0.000000
20091004 0.000002 0.000006 0.000000 0.000000
20091007 0.000002 0.000006 0.000000 0.000000
20091009 0.000002 0.000006 0.000000 0.000000
20091011 0.000002 0.000006 0.000000 0.000000
20091013 0.000002 0.000006 0.000000 0.000000
20091015 0.000002 0.000006 0.000000 0.000000
20091018 0.000002 0.000006 0.000000 0.000000
20091019 0.000002 0.000006 0.000000 0.000000
20091021 0.000002 0.000006 0.000000 0.000000
20091022 0.000002 0.000006 0.000000 0.000000
20091024 0.000002 0.000006 0.000000 0.000000
20091026 0.000002 0.000006 0.000000 0.000000
20091028 0.000002 0.000006 0.000000 0.000000
20091031 0.000002 0.000006 0.000000 0.000000
20091104 0.000002 0.000006 0.000000 0.000000
20091106 0.000002 0.000006 0.000000 0.000000
20091108 0.000002 0.000006 0.000000 0.000000
20091110 0.000002 0.000006 0.000000 0.000000
20091112 0.000002 0.000006 0.000000 0.000000
20091114 0.000002 0.000006 0.000000 0.000000
20091116 0.000002 0.000006 0.000000 0.000000
20091117 0.000002 0.000006 0.000000 0.000000
20091119 0.000002 0.000006 0.000000 0.000000
20091121 0.000002 0.000006 0.000000 0.000000
20091122 0.000002 0.000006 0.000000 0.000000
20091124 0.000002 0.000006 0.000000 0.000000
20091126 0.000002 0.000006 0.000000 0.000000
20091127 0.000002 0.000006 0.000000 0.000000
20091130 0.000002 0.000006 0.000000 0.000000
20091201 0.000002 0.000006 0.000000 0.000000
20091203 0.000002 0.000006 0.000000 0.000000
20091206 0.000002 0.000006 0.000000 0.000000
20091207 0.000002 0.000006 0.000000 0.000000
20091208 0.000002 0.000006 0.000000 0.000000
20091210 0.000002 0.000006 0.000000 0.000000
20091211 0.000002 0.000006 0.000000 0.000000
20091212 0.000002 0.000006 0.000000 0.000000
20091214 0.000002 0.000006 0.000000 0.000000
20091215 0.000002 0.000006 0.000000 0.000000
20091216 0.000002 0.000006 0.000000 0.000000
20091217 0.000002 0.000006 0.000000 0.000000
20091218 0.000002 0.000006 0.000000 0.000000
20091218 0.000002 0.000006 0.000000 0.000000
20091219 0.000002 0.000006 0.000000 0.000000
20091220 0.000002 0.000006 0.000000 0.000000
20091221 0.000002 0.000006 0.000000 0.000000
20091222 0.000002 0.000006 0.000000 0.000000
20091222 0.000002 0.000006 0.000000 0.000000
20091223 0.000002 0.000006 0.000000 0.000000
20091224 0.000002 0.000006 0.000000 0.000000
20091225 0.000002 0.000006 0.000000 0.000000
20091226 0.000002 0.000006 0.000000 0.000000
20091227 0.000002 0.000006 0.000000 0.000000
20091228 0.000002 0.000006 0.000000 0.000000
20091229 0.000002 0.000006 0.000000 0.000000
20091230 0.000003 0.000007 0.000000 0.000000
20091231 0.000003 0.000007 0.000000 0.000000
20100101 0.000003 0.000007 0.000000 0.000000
20100102 0.000003 0.000007 0.000000 0.000000
20100103 0.000003 0.000007 0.000000 0.000000
20100104 0.000003 0.000007 0.000000 0.000000
20100105 0.000003 0.000007 0.000000 0.000000
20100105 0.000003 0.000007 0.000000 0.000000
20100106 0.000003 0.000007 0.000000 0.000000
20100107 0.000003 0.000007 0.000000 0.000000
20100108 0.000003 0.000007 0.000000 0.000000
20100109 0.000003 0.000007 0.000000 0.000000
20100110 0.000003 0.000007 0.000000 0.000000
20100111 0.000003 0.000007 0.000000 0.000000
20100111 0.000003 0.000008 0.000000 0.000000
20100112 0.000003 0.000008 0.000000 0.000000
20100113 0.000003 0.000008 0.000000 0.000000
20100114 0.000003 0.000008 0.000000 0.000000
20100115 0.000003 0.000008 0.000000 0.000000
20100116 0.000003 0.000008 0.000000 0.000000
20100117 0.000003 0.000008 0.000000 0.000000
20100119 0.000003 0.000008 0.000000 0.000000
20100120 0.000003 0.000008 0.000000 0.000000
20100121 0.000003 0.000008 0.000000 0.000000
20100121 0.000003 0.000008 0.000000 0.000000
20100122 0.000003 0.000008 0.000000 0.000000
20100123 0.000003 0.000008 0.000000 0.000000
20100124 0.000003 0.000008 0.000000 0.000000
20100125 0.000003 0.000008 0.000000 0.000000
20100126 0.000003 0.000008 0.000000 0.000000
20100126 0.000003 0.000008 0.000000 0.000000
20100127 0.000003 0.000008 0.000000 0.000000
20100128 0.000003 0.000008 0.000000 0.000000
20100129 0.000003 0.000008 0.000000 0.000000
20100130 0.000003 0.000008 0.000000 0.000000
20100130 0.000003 0.000008 0.000000 0.000000
20100131 0.000003 0.000008 0.000000 0.000000
20100201 0.000003 0.000008 0.000000 0.000000
20100202 0.000003 0.000008 0.000000 0.000000
20100203 0.000003 0.000008 0.000000 0.000000
20100203 0.000003 0.000008 0.000000 0.000000
20100204 0.000003 0.000008 0.000000 0.000000
20100204 0.000004 0.000010 0.000000 0.000000
20100205 0.000004 0.000010 0.000000 0.000000
20100206 0.000004 0.000010 0.000000 0.000000
20100206 0.000004 0.000010 0.000000 0.000000
20100207 0.000004 0.000010 0.000000 0.000000
20100208 0.000004 0.000010 0.000000 0.000000
20100209 0.000004 0.000010 0.000000 0.000000
20100209 0.000004 0.000010 0.000000 0.000000
20100210 0.000004 0.000010 0.000000 0.000000
20100211 0.000004 0.000010 0.000000 0.000000
20100212 0.000004 0.000010 0.000000 0.000000
20100213 0.000004 0.000010 0.000000 0.000000
20100213 0.000004 0.000010 0.000000 0.000000
20100214 0.000004 0.000010 0.000000 0.000000
20100214 0.000006 0.000015 0.000000 0.000001
20100215 0.000006 0.000015 0.000000 0.000001
20100216 0.000006 0.000015 0.000000 0.000001
20100217 0.000006 0.000015 0.000000 0.000001
20100217 0.000006 0.000015 0.000000 0.000001
20100218 0.000006 0.000015 0.000000 0.000001
20100219 0.000006 0.000015 0.000000 0.000001
20100219 0.000006 0.000015 0.000000 0.000001
20100220 0.000006 0.000015 0.000000 0.000001
20100221 0.000006 0.000015 0.000000 0.000001
20100221 0.000006 0.000015 0.000000 0.000001
20100222 0.000006 0.000015 0.000000 0.000001
20100223 0.000006 0.000015 0.000000 0.000001
20100223 0.000006 0.000015 0.000000 0.000001
20100224 0.000009 0.000022 0.000000 0.000001
20100225 0.000009 0.000022 0.000000 0.000001
20100226 0.000009 0.000022 0.000000 0.000001
20100226 0.000009 0.000022 0.000000 0.000001
20100227 0.000009 0.000022 0.000000 0.000001
20100228 0.000009 0.000022 0.000000 0.000001
20100301 0.000009 0.000022 0.000000 0.000001
20100302 0.000009 0.000022 0.000000 0.000001
20100303 0.000009 0.000022 0.000000 0.000001
20100304 0.000009 0.000022 0.000000 0.000001
20100304 0.000009 0.000022 0.000000 0.000001
20100305 0.000009 0.000022 0.000000 0.000001
20100306 0.000009 0.000022 0.000000 0.000001
20100307 0.000009 0.000022 0.000000 0.000001
20100308 0.000011 0.000026 0.000000 0.000001
20100309 0.000011 0.000026 0.000000 0.000001
20100310 0.000011 0.000026 0.000000 0.000001
20100311 0.000011 0.000026 0.000000 0.000001
20100312 0.000011 0.000026 0.000000 0.000001
20100313 0.000011 0.000026 0.000000 0.000001
20100314 0.000011 0.000026 0.000000 0.000001
20100315 0.000011 0.000026 0.000000 0.000001
20100316 0.000011 0.000026 0.000000 0.000001
20100317 0.000011 0.000026 0.000000 0.000001
20100318 0.000011 0.000026 0.000000 0.000001
20100319 0.000011 0.000026 0.000000 0.000001
20100320 0.000011 0.000026 0.000000 0.000001
20100321 0.000011 0.000026 0.000000 0.000001
20100321 0.000011 0.000026 0.000000 0.000001
20100322 0.000011 0.000026 0.000000 0.000001
20100323 0.000011 0.000026 0.000000 0.000001
20100324 0.000011 0.000026 0.000000 0.000001
20100325 0.000011 0.000026 0.000000 0.000001
20100325 0.000011 0.000026 0.000000 0.000001
20100326 0.000011 0.000026 0.000000 0.000001
20100327 0.000011 0.000026 0.000000 0.000001
20100328 0.000011 0.000026 0.000000 0.000001
20100328 0.000011 0.000026 0.000000 0.000001
20100329 0.000011 0.000026 0.000000 0.000001
20100330 0.000011 0.000026 0.000000 0.000001
20100331 0.000011 0.000026 0.000000 0.000001
20100331 0.000011 0.000026 0.000000 0.000001
20100401 0.000015 0.000035 0.000000 0.000001
20100402 0.000015 0.000035 0.000000 0.000001
20100403 0.000015 0.000035 0.000000 0.000001
20100404 0.000015 0.000035 0.000000 0.000001
20100405 0.000015 0.000035 0.000000 0.000001
20100405 0.000015 0.000035 0.000000 0.000001
20100406 0.000015 0.000035 0.000000 0.000001
20100407 0.000015 0.000035 0.000000 0.000001
20100408 0.000015 0.000035 0.000000 0.000001
20100409 0.000015 0.000035 0.000000 0.000001
20100409 0.000015 0.000035 0.000000 0.000001
20100410 0.000015 0.000035 0.000000 0.000001
20100411 0.000015 0.000035 0.000000 0.000001
20100411 0.000015 0.000035 0.000000 0.000001
20100412 0.000019 0.000045 0.000001 0.000002
20100413 0.000019 0.000045 0.000001 0.000002
20100413 0.000019 0.000045 0.000001 0.000002
20100414 0.000019 0.000045 0.000001 0.000002
20100415 0.000019 0.000045 0.000001 0.000002
20100416 0.000019 0.000045 0.000001 0.000002
20100416 0.000019 0.000045 0.000001 0.000002
20100417 0.000019 0.000045 0.000001 0.000002
20100418 0.000019 0.000045 0.000001 0.000002
20100418 0.000019 0.000045 0.000001 0.000002
20100419 0.000019 0.000045 0.000001 0.000002
20100419 0.000019 0.000045 0.000001 0.000002
20100420 0.000019 0.000045 0.000001 0.000002
20100421 0.000019 0.000045 0.000001 0.000002
20100421 0.000028 0.000066 0.000001 0.000002
20100422 0.000028 0.000066 0.000001 0.000002
20100423 0.000028 0.000066 0.000001 0.000002
20100424 0.000028 0.000066 0.000001 0.000002
20100425 0.000028 0.000066 0.000001 0.000002
20100426 0.000028 0.000066 0.000001 0.000002
20100427 0.000028 0.000066 0.000001 0.000002
20100428 0.000028 0.000066 0.000001 0.000002
20100428 0.000028 0.000066 0.000001 0.000002
20100429 0.000028 0.000066 0.000001 0.000002
20100430 0.000028 0.000066 0.000001 0.000002
20100501 0.000028 0.000066 0.000001 0.000002
20100502 0.000028 0.000066 0.000001 0.000002
20100503 0.000028 0.000066 0.000001 0.000002
20100504 0.000031 0.000074 0.000001 0.000003
20100505 0.000031 0.000074 0.000001 0.000003
20100506 0.000031 0.000074 0.000001 0.000003
20100507 0.000031 0.000074 0.000001 0.000003
20100508 0.000031 0.000074 0.000001 0.000003
20100509 0.000031 0.000074 0.000001 0.000003
20100510 0.000031 0.000074 0.000001 0.000003
20100511 0.000031 0.000074 0.000001 0.000003
20100512 0.000031 0.000074 0.000001 0.000003
20100514 0.000031 0.000074 0.000001 0.000003
20100515 0.000031 0.000074 0.000001 0.000003
20100516 0.000031 0.000074 0.000001 0.000003
20100517 0.000031 0.000074 0.000001 0.000003
20100518 0.000031 0.000074 0.000001 0.000003
20100519 0.000029 0.000069 0.000001 0.000002
20100520 0.000029 0.000069 0.000001 0.000002
20100521 0.000029 0.000069 0.000001 0.000002
20100521 0.000029 0.000069 0.000001 0.000002
20100522 0.000029 0.000069 0.000001 0.000002
20100523 0.000029 0.000069 0.000001 0.000002
20100524 0.000029 0.000069 0.000001 0.000002
20100524 0.000029 0.000069 0.000001 0.000002
20100525 0.000029 0.000069 0.000001 0.000002
20100526 0.000029 0.000069 0.000001 0.000002
20100526 0.000029 0.000069 0.000001 0.000002
20100527 0.000029 0.000069 0.000001 0.000002
20100528 0.000029 0.000069 0.000001 0.000002
20100528 0.000029 0.000069 0.000001 0.000002
20100529 0.000041 0.000096 0.000001 0.000003
20100530 0.000041 0.000096 0.000001 0.000003
20100531 0.000041 0.000096 0.000001 0.000003
20100601 0.000041 0.000096 0.000001 0.000003
20100602 0.000041 0.000096 0.000001 0.000003
20100603 0.000041 0.000096 0.000001 0.000003
20100604 0.000041 0.000096 0.000001 0.000003
20100605 0.000041 0.000096 0.000001 0.000003
20100606 0.000041 0.000096 0.000001 0.000003
20100607 0.000041 0.000096 0.000001 0.000003
20100608 0.000041 0.000096 0.000001 0.000003
20100609 0.000041 0.000096 0.000001 0.000003
20100610 0.000041 0.000096 0.000001 0.000003
20100611 0.000041 0.000096 0.000001 0.000003
20100611 0.000043 0.000101 0.000001 0.000004
20100613 0.000043 0.000101 0.000001 0.000004
20100613 0.000043 0.000101 0.000001 0.000004
20100614 0.000043 0.000101 0.000001 0.000004
20100615 0.000043 0.000101 0.000001 0.000004
20100616 0.000043 0.000101 0.000001 0.000004
20100617 0.000043 0.000101 0.000001 0.000004
20100618 0.000043 0.000101 0.000001 0.000004
20100619 0.000043 0.000101 0.000001 0.000004
20100620 0.000043 0.000101 0.000001 0.000004
20100621 0.000043 0.000101 0.000001 0.000004
20100622 0.000043 0.000101 0.000001 0.000004
20100622 0.000043 0.000101 0.000001 0.000004
20100623 0.000043 0.000101 0.000001 0.000004
20100624 0.000047 0.000113 0.000001 0.000004
20100625 0.000047 0.000113 0.000001 0.000004
20100626 0.000047 0.000113 0.000001 0.000004
20100627 0.000047 0.000113 0.000001 0.000004
20100628 0.000047 0.000113 0.000001 0.000004
20100629 0.000047 0.000113 0.000001 0.000004
20100629 0.000047 0.000113 0.000001 0.000004
20100630 0.000047 0.000113 0.000001 0.000004
20100701 0.000047 0.000113 0.000001 0.000004
20100702 0.000047 0.000113 0.000001 0.000004
20100702 0.000047 0.000113 0.000001 0.000004
20100703 0.000047 0.000113 0.000001 0.000004
20100704 0.000047 0.000113 0.000001 0.000004
20100705 0.000047 0.000113 0.000001 0.000004
20100706 0.000058 0.000136 0.000002 0.000005
20100706 0.000058 0.000136 0.000002 0.000005
20100707 0.000058 0.000136 0.000002 0.000005
20100708 0.000058 0.000136 0.000002 0.000005
20100709 0.000058 0.000136 0.000002 0.000005
20100710 0.000058 0.000136 0.000002 0.000005
20100711 0.000058 0.000136 0.000002 0.000005
20100711 0.000058 0.000136 0.000002 0.000005
20100712 0.000058 0.000136 0.000002 0.000005
20100712 0.000058 0.000136 0.000002 0.000005
20100712 0.000058 0.000136 0.000002 0.000005
20100712 0.000058 0.000136 0.000002 0.000005
20100713 0.000058 0.000136 0.000002 0.000005
20100713 0.000058 0.000136 0.000002 0.000005
20100713 0.000111 0.000263 0.000003 0.000009
20100713 0.000111 0.000263 0.000003 0.000009
20100713 0.000111 0.000263 0.000003 0.000009
20100714 0.000111 0.000263 0.000003 0.000009
20100714 0.000111 0.000263 0.000003 0.000009
20100714 0.000111 0.000263 0.000003 0.000009
20100714 0.000111 0.000263 0.000003 0.000009
20100715 0.000111 0.000263 0.000003 0.000009
20100715 0.000111 0.000263 0.000003 0.000009
20100715 0.000111 0.000263 0.000003 0.000009
20100715 0.000111 0.000263 0.000003 0.000009
20100716 0.000111 0.000263 0.000003 0.000009
20100716 0.000111 0.000263 0.000003 0.000009
20100716 0.000111 0.000263 0.000003 0.000009
20100716 0.000444 0.001053 0.000012 0.000037
20100717 0.000444 0.001053 0.000012 0.000037
20100718 0.000444 0.001053 0.000012 0.000037
20100719 0.000444 0.001053 0.000012 0.000037
20100719 0.000444 0.001053 0.000012 0.000037
20100720 0.000444 0.001053 0.000012 0.000037
20100721 0.000444 0.001053 0.000012 0.000037
20100722 0.000444 0.001053 0.000012 0.000037
20100723 0.000444 0.001053 0.000012 0.000037
20100723 0.000444 0.001053 0.000012 0.000037
20100724 0.000444 0.001053 0.000012 0.000037
20100725 0.000444 0.001053 0.000012 0.000037
20100725 0.000444 0.001053 0.000012 0.000037
20100726 0.000444 0.001053 0.000012 0.000037
20100727 0.000598 0.001416 0.000016 0.000049
20100727 0.000598 0.001416 0.000016 0.000049
20100728 0.000598 0.001416 0.000016 0.000049
20100729 0.000598 0.001416 0.000016 0.000049
20100730 0.000598 0.001416 0.000016 0.000049
20100731 0.000598 0.001416 0.000016 0.000049
20100731 0.000598 0.001416 0.000016 0.000049
20100801 0.000598 0.001416 0.000016 0.000049
20100802 0.000598 0.001416 0.000016 0.000049
20100802 0.000598 0.001416 0.000016 0.000049
20100803 0.000598 0.001416 0.000016 0.000049
20100803 0.000598 0.001416 0.000016 0.000049
20100804 0.000598 0.001416 0.000016 0.000049
20100805 0.000598 0.001416 0.000016 0.000049
20100805 0.000862 0.002042 0.000023 0.000071
20100806 0.000862 0.002042 0.000023 0.000071
20100807 0.000862 0.002042 0.000023 0.000071
20100808 0.000862 0.002042 0.000023 0.000071
20100809 0.000862 0.002042 0.000023 0.000071
20100809 0.000862 0.002042 0.000023 0.000071
20100810 0.000862 0.002042 0.000023 0.000071
20100811 0.000862 0.002042 0.000023 0.000071
20100812 0.000862 0.002042 0.000023 0.000071
20100812 0.000862 0.002042 0.000023 0.000071
20100813 0.000862 0.002042 0.000023 0.000071
20100814 0.000862 0.002042 0.000023 0.000071
20100814 0.000862 0.002042 0.000023 0.000071
20100815 0.000862 0.002042 0.000023 0.000071
20100815 0.001252 0.002968 0.000034 0.000103
20100816 0.001252 0.002968 0.000034 0.000103
20100817 0.001252 0.002968 0.000034 0.000103
20100818 0.001252 0.002968 0.000034 0.000103
20100819 0.001252 0.002968 0.000034 0.000103
20100820 0.001252 0.002968 0.000034 0.000103
20100821 0.001252 0.002968 0.000034 0.000103
20100822 0.001252 0.002968 0.000034 0.000103
20100822 0.001252 0.002968 0.000034 0.000103
20100823 0.001252 0.002968 0.000034 0.000103
20100824 0.001252 0.002968 0.000034 0.000103
20100824 0.001252 0.002968 0.000034 0.000103
20100825 0.001252 0.002968 0.000034 0.000103
20100826 0.001252 0.002968 0.000034 0.000103
20100826 0.001526 0.003615 0.000041 0.000126
20100827 0.001526 0.003615 0.000041 0.000126
20100828 0.001526 0.003615 0.000041 0.000126
20100829 0.001526 0.003615 0.000041 0.000126
20100830 0.001526 0.003615 0.000041 0.000126
20100831 0.001526 0.003615 0.000041 0.000126
20100901 0.001526 0.003615 0.000041 0.000126
20100902 0.001526 0.003615 0.000041 0.000126
20100902 0.001526 0.003615 0.000041 0.000126
20100903 0.001526 0.003615 0.000041 0.000126
20100904 0.001526 0.003615 0.000041 0.000126
20100905 0.001526 0.003615 0.000041 0.000126
20100906 0.001526 0.003615 0.000041 0.000126
20100907 0.001526 0.003615 0.000041 0.000126
20100908 0.001745 0.004134 0.000047 0.000144
20100909 0.001745 0.004134 0.000047 0.000144
20100910 0.001745 0.004134 0.000047 0.000144
20100910 0.001745 0.004134 0.000047 0.000144
20100911 0.001745 0.004134 0.000047 0.000144
20100912 0.001745 0.004134 0.000047 0.000144
20100913 0.001745 0.004134 0.000047 0.000144
20100914 0.001745 0.004134 0.000047 0.000144
20100914 0.001745 0.004134 0.000047 0.000144
20100915 0.001745 0.004134 0.000047 0.000144
20100916 0.001745 0.004134 0.000047 0.000144
20100917 0.001745 0.004134 0.000047 0.000144
20100917 0.001745 0.004134 0.000047 0.000144
20100918 0.001745 0.004134 0.000047 0.000144
20100919 0.002246 0.005323 0.000060 0.000185
20100919 0.002246 0.005323 0.000060 0.000185
20100920 0.002246 0.005323 0.000060 0.000185
20100921 0.002246 0.005323 0.000060 0.000185
20100922 0.002246 0.005323 0.000060 0.000185
20100922 0.002246 0.005323 0.000060 0.000185
20100923 0.002246 0.005323 0.000060 0.000185
20100924 0.002246 0.005323 0.000060 0.000185
20100924 0.002246 0.005323 0.000060 0.000185
20100925 0.002246 0.005323 0.000060 0.000185
20100926 0.002246 0.005323 0.000060 0.000185
20100926 0.002246 0.005323 0.000060 0.000185
20100927 0.002246 0.005323 0.000060 0.000185
20100928 0.002246 0.005323 0.000060 0.000185
20100928 0.003227 0.007648 0.000087 0.000266
20100929 0.003227 0.007648 0.000087 0.000266
20100930 0.003227 0.007648 0.000087 0.000266
20101001 0.003227 0.007648 0.000087 0.000266
20101002 0.003227 0.007648 0.000087 0.000266
20101004 0.003227 0.007648 0.000087 0.000266
20101004 0.003227 0.007648 0.000087 0.000266
20101006 0.003227 0.007648 0.000087 0.000266
20101006 0.003227 0.007648 0.000087 0.000266
20101007 0.003227 0.007648 0.000087 0.000266
20101008 0.003227 0.007648 0.000087 0.000266
20101009 0.003227 0.007648 0.000087 0.000266
20101010 0.003227 0.007648 0.000087 0.000266
20101011 0.003227 0.007648 0.000087 0.000266
20101012 0.003372 0.007992 0.000091 0.000278
20101013 0.003372 0.007992 0.000091 0.000278
20101013 0.003372 0.007992 0.000091 0.000278
20101014 0.003372 0.007992 0.000091 0.000278
20101015 0.003372 0.007992 0.000091 0.000278
20101016 0.003372 0.007992 0.000091 0.000278
20101016 0.003372 0.007992 0.000091 0.000278
20101017 0.003372 0.007992 0.000091 0.000278
20101017 0.003372 0.007992 0.000091 0.000278
20101018 0.003372 0.007992 0.000091 0.000278
20101018 0.003372 0.007992 0.000091 0.000278
20101019 0.003372 0.007992 0.000091 0.000278
20101020 0.003372 0.007992 0.000091 0.000278
20101020 0.003372 0.007992 0.000091 0.000278
20101021 0.005259 0.012464 0.000141 0.000434
20101022 0.005259 0.012464 0.000141 0.000434
20101022 0.005259 0.012464 0.000141 0.000434
20101023 0.005259 0.012464 0.000141 0.000434
20101024 0.005259 0.012464 0.000141 0.000434
20101025 0.005259 0.012464 0.000141 0.000434
20101025 0.005259 0.012464 0.000141 0.000434
20101026 0.005259 0.012464 0.000141 0.000434
20101027 0.005259 0.012464 0.000141 0.000434
20101027 0.005259 0.012464 0.000141 0.000434
20101028 0.005259 0.012464 0.000141 0.000434
20101029 0.005259 0.012464 0.000141 0.000434
20101029 0.005259 0.012464 0.000141 0.000434
20101030 0.005259 0.012464 0.000141 0.000434
20101030 0.007566 0.017931 0.000203 0.000624
20101031 0.007566 0.017931 0.000203 0.000624
20101101 0.007566 0.017931 0.000203 0.000624
20101102 0.007566 0.017931 0.000203 0.000624
20101103 0.007566 0.017931 0.000203 0.000624
20101103 0.007566 0.017931 0.000203 0.000624
20101104 0.007566 0.017931 0.000203 0.000624
20101105 0.007566 0.017931 0.000203 0.000624
20101106 0.007566 0.017931 0.000203 0.000624
20101106 0.007566 0.017931 0.000203 0.000624
20101107 0.007566 0.017931 0.000203 0.000624
20101107 0.007566 0.017931 0.000203 0.000624
20101108 0.007566 0.017931 0.000203 0.000624
20101108 0.007566 0.017931 0.000203 0.000624
20101109 0.011102 0.026309 0.000298 0.000916
20101110 0.011102 0.026309 0.000298 0.000916
20101110 0.011102 0.026309 0.000298 0.000916
20101111 0.011102 0.026309 0.000298 0.000916
20101112 0.011102 0.026309 0.000298 0.000916
20101113 0.011102 0.026309 0.000298 0.000916
20101113 0.011102 0.026309 0.000298 0.000916
20101114 0.011102 0.026309 0.000298 0.000916
20101114 0.011102 0.026309 0.000298 0.000916
20101115 0.011102 0.026309 0.000298 0.000916
20101116 0.011102 0.026309 0.000298 0.000916
20101117 0.011102 0.026309 0.000298 0.000916
20101117 0.011102 0.026309 0.000298 0.000916
20101118 0.011102 0.026309 0.000298 0.000916
20101118 0.016805 0.039826 0.000451 0.001386
20101119 0.016805 0.039826 0.000451 0.001386
20101120 0.016805 0.039826 0.000451 0.001386
20101121 0.016805 0.039826 0.000451 0.001386
20101122 0.016805 0.039826 0.000451 0.001386
20101123 0.016805 0.039826 0.000451 0.001386
20101124 0.016805 0.039826 0.000451 0.001386
20101125 0.016805 0.039826 0.000451 0.001386
20101126 0.016805 0.039826 0.000451 0.001386
20101126 0.016805 0.039826 0.000451 0.001386
20101127 0.016805 0.039826 0.000451 0.001386
20101128 0.016805 0.039826 0.000451 0.001386
20101129 0.016805 0.039826 0.000451 0.001386
20101130 0.016805 0.039826 0.000451 0.001386
20101130 0.019770 0.046851 0.000531 0.001631
20101201 0.019770 0.046851 0.000531 0.001631
20101202 0.019770 0.046851 0.000531 0.001631
20101203 0.019770 0.046851 0.000531 0.001631
20101203 0.019770 0.046851 0.000531 0.001631
20101204 0.019770 0.046851 0.000531 0.001631
20101205 0.019770 0.046851 0.000531 0.001631
20101205 0.019770 0.046851 0.000531 0.001631
20101206 0.019770 0.046851 0.000531 0.001631
20101206 0.019770 0.046851 0.000531 0.001631
20101207 0.019770 0.046851 0.000531 0.001631
20101208 0.019770 0.046851 0.000531 0.001631
20101208 0.019770 0.046851 0.000531 0.001631
20101209 0.019770 0.046851 0.000531 0.001631
20101209 0.029984 0.071058 0.000806 0.002473
20101210 0.029984 0.071058 0.000806 0.002473
20101211 0.029984 0.071058 0.000806 0.002473
20101212 0.029984 0.071058 0.000806 0.002473
20101213 0.029984 0.071058 0.000806 0.002473
20101214 0.029984 0.071058 0.000806 0.002473
20101215 0.029984 0.071058 0.000806 0.002473
20101215 0.029984 0.071058 0.000806 0.002473
20101216 0.029984 0.071058 0.000806 0.002473
20101217 0.029984 0.071058 0.000806 0.002473
20101218 0.029984 0.071058 0.000806 0.002473
20101219 0.029984 0.071058 0.000806 0.002473
20101220 0.029984 0.071058 0.000806 0.002473
20101221 0.029984 0.071058 0.000806 0.002473
20101221 0.035447 0.084004 0.000952 0.002924
20101222 0.035447 0.084004 0.000952 0.002924
20101223 0.035447 0.084004 0.000952 0.002924
20101224 0.035447 0.084004 0.000952 0.002924
20101225 0.035447 0.084004 0.000952 0.002924
20101226 0.035447 0.084004 0.000952 0.002924
20101227 0.035447 0.084004 0.000952 0.002924
20101228 0.035447 0.084004 0.000952 0.002924
20101229 0.035447 0.084004 0.000952 0.002924
20101230 0.035447 0.084004 0.000952 0.002924
20101230 0.035447 0.084004 0.000952 0.002924
20101231 0.035447 0.084004 0.000952 0.002924
20110101 0.035447 0.084004 0.000952 0.002924
20110102 0.035447 0.084004 0.000952 0.002924
20110103 0.039909 0.094578 0.001072 0.003292
20110104 0.039909 0.094578 0.001072 0.003292
20110105 0.039909 0.094578 0.001072 0.003292
20110106 0.039909 0.094578 0.001072 0.003292
20110107 0.039909 0.094578 0.001072 0.003292
20110107 0.039909 0.094578 0.001072 0.003292
20110108 0.039909 0.094578 0.001072 0.003292
20110109 0.039909 0.094578 0.001072 0.003292
20110110 0.039909 0.094578 0.001072 0.003292
20110111 0.039909 0.094578 0.001072 0.003292
20110112 0.039909 0.094578 0.001072 0.003292
20110113 0.039909 0.094578 0.001072 0.003292
20110113 0.039909 0.094578 0.001072 0.003292
20110114 0.039909 0.094578 0.001072 0.003292
20110115 0.045122 0.106933 0.001212 0.003722
20110116 0.045122 0.106933 0.001212 0.003722
20110117 0.045122 0.106933 0.001212 0.003722
20110118 0.045122 0.106933 0.001212 0.003722
20110119 0.045122 0.106933 0.001212 0.003722
20110119 0.045122 0.106933 0.001212 0.003722
20110120 0.045122 0.106933 0.001212 0.003722
20110121 0.045122 0.106933 0.001212 0.003722
20110122 0.045122 0.106933 0.001212 0.003722
20110123 0.045122 0.106933 0.001212 0.003722
20110124 0.045122 0.106933 0.001212 0.003722
20110124 0.045122 0.106933 0.001212 0.003722
20110125 0.045122 0.106933 0.001212 0.003722
20110126 0.045122 0.106933 0.001212 0.003722
20110127 0.053870 0.127665 0.001447 0.004443
20110128 0.053870 0.127665 0.001447 0.004443
20110129 0.053870 0.127665 0.001447 0.004443
20110130 0.053870 0.127665 0.001447 0.004443
20110131 0.053870 0.127665 0.001447 0.004443
20110131 0.053870 0.127665 0.001447 0.004443
20110201 0.053870 0.127665 0.001447 0.004443
20110202 0.053870 0.127665 0.001447 0.004443
20110203 0.053870 0.127665 0.001447 0.004443
20110204 0.053870 0.127665 0.001447 0.004443
20110205 0.053870 0.127665 0.001447 0.004443
20110205 0.053870 0.127665 0.001447 0.004443
20110206 0.053870 0.127665 0.001447 0.004443
20110207 0.053870 0.127665 0.001447 0.004443
20110208 0.063624 0.150780 0.001709 0.005248
20110209 0.063624 0.150780 0.001709 0.005248
20110209 0.063624 0.150780 0.001709 0.005248
20110210 0.063624 0.150780 0.001709 0.005248
20110211 0.063624 0.150780 0.001709 0.005248
20110212 0.063624 0.150780 0.001709 0.005248
20110212 0.063624 0.150780 0.001709 0.005248
20110213 0.063624 0.150780 0.001709 0.005248
20110214 0.063624 0.150780 0.001709 0.005248
20110215 0.063624 0.150780 0.001709 0.005248
20110215 0.063624 0.150780 0.001709 0.005248
20110216 0.063624 0.150780 0.001709 0.005248
20110216 0.063624 0.150780 0.001709 0.005248
20110217 0.063624 0.150780 0.001709 0.005248
20110218 0.089227 0.211457 0.002397 0.007359
20110218 0.089227 0.211457 0.002397 0.007359
20110219 0.089227 0.211457 0.002397 0.007359
20110220 0.089227 0.211457 0.002397 0.007359
20110221 0.089227 0.211457 0.002397 0.007359
20110222 0.089227 0.211457 0.002397 0.007359
20110222 0.089227 0.211457 0.002397 0.007359
20110223 0.089227 0.211457 0.002397 0.007359
20110223 0.089227 0.211457 0.002397 0.007359
20110224 0.089227 0.211457 0.002397 0.007359
20110225 0.089227 0.211457 0.002397 0.007359
20110225 0.089227 0.211457 0.002397 0.007359
20110226 0.089227 0.211457 0.002397 0.007359
20110226 0.089227 0.211457 0.002397 0.007359
20110227 0.136043 0.322403 0.003655 0.011221
20110228 0.136043 0.322403 0.003655 0.011221
20110301 0.136043 0.322403 0.003655 0.011221
20110302 0.136043 0.322403 0.003655 0.011221
20110303 0.136043 0.322403 0.003655 0.011221
20110303 0.136043 0.322403 0.003655 0.011221
20110304 0.136043 0.322403 0.003655 0.011221
20110305 0.136043 0.322403 0.003655 0.011221
20110305 0.136043 0.322403 0.003655 0.011221
20110306 0.136043 0.322403 0.003655 0.011221
20110306 0.136043 0.322403 0.003655 0.011221
20110307 0.136043 0.322403 0.003655 0.011221
20110308 0.136043 0.322403 0.003655 0.011221
20110308 0.136043 0.322403 0.003655 0.011221
20110309 0.186464 0.441895 0.005010 0.015380
20110310 0.186464 0.441895 0.005010 0.015380
20110311 0.186464 0.441895 0.005010 0.015380
20110312 0.186464 0.441895 0.005010 0.015380
20110314 0.186464 0.441895 0.005010 0.015380
20110315 0.186464 0.441895 0.005010 0.015380
20110316 0.186464 0.441895 0.005010 0.015380
20110317 0.186464 0.441895 0.005010 0.015380
20110318 0.186464 0.441895 0.005010 0.015380
20110320 0.186464 0.441895 0.005010 0.015380
20110321 0.186464 0.441895 0.005010 0.015380
20110322 0.186464 0.441895 0.005010 0.015380
20110323 0.186464 0.441895 0.005010 0.015380
20110324 0.186464 0.441895 0.005010 0.015380
20110325 0.168808 0.400051 0.004535 0.013923
20110325 0.168808 0.400051 0.004535 0.013923
20110326 0.168808 0.400051 0.004535 0.013923
20110327 0.168808 0.400051 0.004535 0.013923
20110328 0.168808 0.400051 0.004535 0.013923
20110329 0.168808 0.400051 0.004535 0.013923
20110330 0.168808 0.400051 0.004535 0.013923
20110331 0.168808 0.400051 0.004535 0.013923
20110401 0.168808 0.400051 0.004535 0.013923
20110401 0.168808 0.400051 0.004535 0.013923
20110402 0.168808 0.400051 0.004535 0.013923
20110403 0.168808 0.400051 0.004535 0.013923
20110404 0.168808 0.400051 0.004535 0.013923
20110405 0.168808 0.400051 0.004535 0.013923
20110405 0.201522 0.477581 0.005414 0.016622
20110406 0.201522 0.477581 0.005414 0.016622
20110407 0.201522 0.477581 0.005414 0.016622
20110408 0.201522 0.477581 0.005414 0.016622
20110409 0.201522 0.477581 0.005414 0.016622
20110410 0.201522 0.477581 0.005414 0.016622
20110411 0.201522 0.477581 0.005414 0.016622
20110412 0.201522 0.477581 0.005414 0.016622
20110413 0.201522 0.477581 0.005414 0.016622
20110413 0.201522 0.477581 0.005414 0.016622
20110414 0.201522 0.477581 0.005414 0.016622
20110415 0.201522 0.477581 0.005414 0.016622
20110416 0.201522 0.477581 0.005414 0.016622
20110417 0.201522 0.477581 0.005414 0.016622
20110418 0.226000 0.535589 0.006072 0.018641
20110419 0.226000 0.535589 0.006072 0.018641
20110420 0.226000 0.535589 0.006072 0.018641
20110421 0.226000 0.535589 0.006072 0.018641
20110422 0.226000 0.535589 0.006072 0.018641
20110422 0.226000 0.535589 0.006072 0.018641
20110423 0.226000 0.535589 0.006072 0.018641
20110424 0.226000 0.535589 0.006072 0.018641
20110425 0.226000 0.535589 0.006072 0.018641
20110426 0.226000 0.535589 0.006072 0.018641
20110426 0.226000 0.535589 0.006072 0.018641
20110427 0.226000 0.535589 0.006072 0.018641
20110428 0.226000 0.535589 0.006072 0.018641
20110429 0.226000 0.535589 0.006072 0.018641
20110430 0.268393 0.636055 0.007211 0.022137
20110430 0.268393 0.636055 0.007211 0.022137
20110501 0.268393 0.636055 0.007211 0.022137
20110502 0.268393 0.636055 0.007211 0.022137
20110503 0.268393 0.636055 0.007211 0.022137
20110503 0.268393 0.636055 0.007211 0.022137
20110504 0.268393 0.636055 0.007211 0.022137
20110505 0.268393 0.636055 0.007211 0.022137
20110505 0.268393 0.636055 0.007211 0.022137
20110506 0.268393 0.636055 0.007211 0.022137
20110507 0.268393 0.636055 0.007211 0.022137
20110507 0.268393 0.636055 0.007211 0.022137
20110508 0.268393 0.636055 0.007211 0.022137
20110509 0.268393 0.636055 0.007211 0.022137
20110509 0.385241 0.912969 0.010350 0.031775
20110510 0.385241 0.912969 0.010350 0.031775
20110511 0.385241 0.912969 0.010350 0.031775
20110512 0.385241 0.912969 0.010350 0.031775
20110513 0.385241 0.912969 0.010350 0.031775
20110513 0.385241 0.912969 0.010350 0.031775
20110514 0.385241 0.912969 0.010350 0.031775
20110514 0.385241 0.912969 0.010350 0.031775
20110515 0.385241 0.912969 0.010350 0.031775
20110516 0.385241 0.912969 0.010350 0.031775
20110516 0.385241 0.912969 0.010350 0.031775
20110517 0.385241 0.912969 0.010350 0.031775
20110517 0.385241 0.912969 0.010350 0.031775
20110518 0.385241 0.912969 0.010350 0.031775
20110518 0.597410 1.415781 0.016050 0.049275
20110519 0.597410 1.415781 0.016050 0.049275
20110520 0.597410 1.415781 0.016050 0.049275
20110521 0.597410 1.415781 0.016050 0.049275
20110521 0.597410 1.415781 0.016050 0.049275
20110522 0.597410 1.415781 0.016050 0.049275
20110522 0.597410 1.415781 0.016050 0.049275
20110523 0.597410 1.415781 0.016050 0.049275
20110523 0.597410 1.415781 0.016050 0.049275
20110524 0.597410 1.415781 0.016050 0.049275
20110524 0.597410 1.415781 0.016050 0.049275
20110525 0.597410 1.415781 0.016050 0.049275
20110525 0.597410 1.415781 0.016050 0.049275
20110526 0.597410 1.415781 0.016050 0.049275
20110526 1.064264 2.522159 0.028593 0.087781
20110527 1.064264 2.522159 0.028593 0.087781
20110528 1.064264 2.522159 0.028593 0.087781
20110529 1.064264 2.522159 0.028593 0.087781
20110530 1.064264 2.522159 0.028593 0.087781
20110531 1.064264 2.522159 0.028593 0.087781
20110601 1.064264 2.522159 0.028593 0.087781
20110601 1.064264 2.522159 0.028593 0.087781
20110602 1.064264 2.522159 0.028593 0.087781
20110603 1.064264 2.522159 0.028593 0.087781
20110604 1.064264 2.522159 0.028593 0.087781
20110604 1.064264 2.522159 0.028593 0.087781
20110605 1.064264 2.522159 0.028593 0.087781
20110606 1.064264 2.522159 0.028593 0.087781
20110606 1.388264 3.289997 0.037298 0.114504
20110607 1.388264 3.289997 0.037298 0.114504
20110608 1.388264 3.289997 0.037298 0.114504
20110608 1.388264 3.289997 0.037298 0.114504
20110609 1.388264 3.289997 0.037298 0.114504
20110610 1.388264 3.289997 0.037298 0.114504
20110610 1.388264 3.289997 0.037298 0.114504
20110611 1.388264 3.289997 0.037298 0.114504
20110612 1.388264 3.289997 0.037298 0.114504
20110612 1.388264 3.289997 0.037298 0.114504
20110613 1.388264 3.289997 0.037298 0.114504
20110613 1.388264 3.289997 0.037298 0.114504
20110614 1.388264 3.289997 0.037298 0.114504
20110615 1.388264 3.289997 0.037298 0.114504
20110615 2.146149 5.086078 0.057660 0.177015
20110616 2.146149 5.086078 0.057660 0.177015
20110616 2.146149 5.086078 0.057660 0.177015
20110617 2.146149 5.086078 0.057660 0.177015
20110618 2.146149 5.086078 0.057660 0.177015
20110619 2.146149 5.086078 0.057660 0.177015
20110619 2.146149 5.086078 0.057660 0.177015
20110620 2.146149 5.086078 0.057660 0.177015
20110621 2.146149 5.086078 0.057660 0.177015
20110621 2.146149 5.086078 0.057660 0.177015
20110622 2.146149 5.086078 0.057660 0.177015
20110622 2.146149 5.086078 0.057660 0.177015
20110623 2.146149 5.086078 0.057660 0.177015
20110623 2.146149 5.086078 0.057660 0.177015
20110624 3.375263 7.998910 0.090682 0.278393
20110625 3.375263 7.998910 0.090682 0.278393
20110626 3.375263 7.998910 0.090682 0.278393
20110627 3.375263 7.998910 0.090682 0.278393
20110628 3.375263 7.998910 0.090682 0.278393
20110629 3.375263 7.998910 0.090682 0.278393
20110629 3.375263 7.998910 0.090682 0.278393
20110630 3.375263 7.998910 0.090682 0.278393
20110701 3.375263 7.998910 0.090682 0.278393
20110702 3.375263 7.998910 0.090682 0.278393
20110703 3.375263 7.998910 0.090682 0.278393
20110704 3.375263 7.998910 0.090682 0.278393
20110704 3.375263 7.998910 0.090682 0.278393
20110705 3.375263 7.998910 0.090682 0.278393
20110706 3.825159 9.065103 0.102769 0.315500
20110707 3.825159 9.065103 0.102769 0.315500
20110708 3.825159 9.065103 0.102769 0.315500
20110709 3.825159 9.065103 0.102769 0.315500
20110710 3.825159 9.065103 0.102769 0.315500
20110711 3.825159 9.065103 0.102769 0.315500
20110712 3.825159 9.065103 0.102769 0.315500
20110713 3.825159 9.065103 0.102769 0.315500
20110714 3.825159 9.065103 0.102769 0.315500
20110715 3.825159 9.065103 0.102769 0.315500
20110716 3.825159 9.065103 0.102769 0.315500
20110717 3.825159 9.065103 0.102769 0.315500
20110718 3.825159 9.065103 0.102769 0.315500
20110718 3.825159 9.065103 0.102769 0.315500
20110719 4.138087 9.806699 0.111177 0.341310
20110720 4.138087 9.806699 0.111177 0.341310
20110721 4.138087 9.806699 0.111177 0.341310
20110722 4.138087 9.806699 0.111177 0.341310
20110723 4.138087 9.806699 0.111177 0.341310
20110724 4.138087 9.806699 0.111177 0.341310
20110725 4.138087 9.806699 0.111177 0.341310
20110726 4.138087 9.806699 0.111177 0.341310
20110727 4.138087 9.806699 0.111177 0.341310
20110727 4.138087 9.806699 0.111177 0.341310
20110728 4.138087 9.806699 0.111177 0.341310
20110729 4.138087 9.806699 0.111177 0.341310
20110730 4.138087 9.806699 0.111177 0.341310
20110731 4.138087 9.806699 0.111177 0.341310
20110801 4.622380 10.954408 0.124188 0.381255
20110802 4.622380 10.954408 0.124188 0.381255
20110803 4.622380 10.954408 0.124188 0.381255
20110804 4.622380 10.954408 0.124188 0.381255
20110805 4.622380 10.954408 0.124188 0.381255
20110806 4.622380 10.954408 0.124188 0.381255
20110807 4.622380 10.954408 0.124188 0.381255
20110808 4.622380 10.954408 0.124188 0.381255
20110809 4.622380 10.954408 0.124188 0.381255
20110810 4.622380 10.954408 0.124188 0.381255
20110811 4.622380 10.954408 0.124188 0.381255
20110812 4.622380 10.954408 0.124188 0.381255
20110813 4.622380 10.954408 0.124188 0.381255
20110814 4.622380 10.954408 0.124188 0.381255
20110815 4.419046 10.472534 0.118725 0.364484
20110816 4.419046 10.472534 0.118725 0.364484
20110818 4.419046 10.472534 0.118725 0.364484
20110819 4.419046 10.472534 0.118725 0.364484
20110820 4.419046 10.472534 0.118725 0.364484
20110821 4.419046 10.472534 0.118725 0.364484
20110821 4.419046 10.472534 0.118725 0.364484
20110822 4.419046 10.472534 0.118725 0.364484
20110823 4.419046 10.472534 0.118725 0.364484
20110824 4.419046 10.472534 0.118725 0.364484
20110825 4.419046 10.472534 0.118725 0.364484
20110826 4.419046 10.472534 0.118725 0.364484
20110827 4.419046 10.472534 0.118725 0.364484
20110829 4.419046 10.472534 0.118725 0.364484
20110830 4.350703 10.310569 0.116889 0.358847
20110831 4.350703 10.310569 0.116889 0.358847
20110901 4.350703 10.310569 0.116889 0.358847
20110902 4.350703 10.310569 0.116889 0.358847
20110903 4.350703 10.310569 0.116889 0.358847
20110904 4.350703 10.310569 0.116889 0.358847
20110905 4.350703 10.310569 0.116889 0.358847
20110906 4.350703 10.310569 0.116889 0.358847
20110907 4.350703 10.310569 0.116889 0.358847
20110908 4.350703 10.310569 0.116889 0.358847
20110909 4.350703 10.310569 0.116889 0.358847
20110910 4.350703 10.310569 0.116889 0.358847
20110911 4.350703 10.310569 0.116889 0.358847
20110912 4.350703 10.310569 0.116889 0.358847
20110913 4.296008 10.180951 0.115419 0.354336
20110914 4.296008 10.180951 0.115419 0.354336
20110915 4.296008 10.180951 0.115419 0.354336
20110916 4.296008 10.180951 0.115419 0.354336
20110917 4.296008 10.180951 0.115419 0.354336
20110918 4.296008 10.180951 0.115419 0.354336
20110919 4.296008 10.180951 0.115419 0.354336
20110920 4.296008 10.180951 0.115419 0.354336
20110921 4.296008 10.180951 0.115419 0.354336
20110922 4.296008 10.180951 0.115419 0.354336
20110923 4.296008 10.180951 0.115419 0.354336
20110924 4.296008 10.180951 0.115419 0.354336
20110925 4.296008 10.180951 0.115419 0.354336
20110926 4.296008 10.180951 0.115419 0.354336
20110927 4.134266 9.797643 0.111074 0.340995
20110928 4.134266 9.797643 0.111074 0.340995
20110930 4.134266 9.797643 0.111074 0.340995
20111001 4.134266 9.797643 0.111074 0.340995
20111002 4.134266 9.797643 0.111074 0.340995
20111003 4.134266 9.797643 0.111074 0.340995
20111004 4.134266 9.797643 0.111074 0.340995
20111005 4.134266 9.797643 0.111074 0.340995
20111006 4.134266 9.797643 0.111074 0.340995
20111007 4.134266 9.797643 0.111074 0.340995
20111008 4.134266 9.797643 0.111074 0.340995
20111010 4.134266 9.797643 0.111074 0.340995
20111011 4.134266 9.797643 0.111074 0.340995
20111012 4.134266 9.797643 0.111074 0.340995
20111014 3.593078 8.515102 0.096534 0.296358
20111015 3.593078 8.515102 0.096534 0.296358
20111016 3.593078 8.515102 0.096534 0.296358
20111017 3.593078 8.515102 0.096534 0.296358
20111018 3.593078 8.515102 0.096534 0.296358
20111019 3.593078 8.515102 0.096534 0.296358
20111020 3.593078 8.515102 0.096534 0.296358
20111022 3.593078 8.515102 0.096534 0.296358
20111023 3.593078 8.515102 0.096534 0.296358
20111024 3.593078 8.515102 0.096534 0.296358
20111025 3.593078 8.515102 0.096534 0.296358
20111027 3.593078 8.515102 0.096534 0.296358
20111028 3.593078 8.515102 0.096534 0.296358
20111029 3.593078 8.515102 0.096534 0.296358
20111031 2.945202 6.979725 0.079128 0.242921
20111101 2.945202 6.979725 0.079128 0.242921
20111102 2.945202 6.979725 0.079128 0.242921
20111103 2.945202 6.979725 0.079128 0.242921
20111104 2.945202 6.979725 0.079128 0.242921
20111105 2.945202 6.979725 0.079128 0.242921
20111106 2.945202 6.979725 0.079128 0.242921
20111107 2.945202 6.979725 0.079128 0.242921
20111108 2.945202 6.979725 0.079128 0.242921
20111109 2.945202 6.979725 0.079128 0.242921
20111110 2.945202 6.979725 0.079128 0.242921
20111111 2.945202 6.979725 0.079128 0.242921
20111112 2.945202 6.979725 0.079128 0.242921
20111113 2.945202 6.979725 0.079128 0.242921
20111114 2.918370 6.916136 0.078407 0.240708
20111115 2.918370 6.916136 0.078407 0.240708
20111116 2.918370 6.916136 0.078407 0.240708
20111117 2.918370 6.916136 0.078407 0.240708
20111118 2.918370 6.916136 0.078407 0.240708
20111119 2.918370 6.916136 0.078407 0.240708
20111120 2.918370 6.916136 0.078407 0.240708
20111121 2.918370 6.916136 0.078407 0.240708
20111122 2.918370 6.916136 0.078407 0.240708
20111123 2.918370 6.916136 0.078407 0.240708
20111125 2.918370 6.916136 0.078407 0.240708
20111126 2.918370 6.916136 0.078407 0.240708
20111127 2.918370 6.916136 0.078407 0.240708
20111128 2.918370 6.916136 0.078407 0.240708
20111129 2.669281 6.325830 0.071715 0.220163
20111130 2.669281 6.325830 0.071715 0.220163
20111201 2.669281 6.325830 0.071715 0.220163
20111202 2.669281 6.325830 0.071715 0.220163
20111203 2.669281 6.325830 0.071715 0.220163
20111204 2.669281 6.325830 0.071715 0.220163
20111205 2.669281 6.325830 0.071715 0.220163
20111206 2.669281 6.325830 0.071715 0.220163
20111206 2.669281 6.325830 0.071715 0.220163
20111207 2.669281 6.325830 0.071715 0.220163
20111208 2.669281 6.325830 0.071715 0.220163
20111209 2.669281 6.325830 0.071715 0.220163
20111210 2.669281 6.325830 0.071715 0.220163
20111211 2.669281 6.325830 0.071715 0.220163
20111212 2.826696 6.698883 0.075944 0.233147
20111213 2.826696 6.698883 0.075944 0.233147
20111214 2.826696 6.698883 0.075944 0.233147
20111216 2.826696 6.698883 0.075944 0.233147
20111217 2.826696 6.698883 0.075944 0.233147
20111218 2.826696 6.698883 0.075944 0.233147
20111219 2.826696 6.698883 0.075944 0.233147
20111220 2.826696 6.698883 0.075944 0.233147
20111221 2.826696 6.698883 0.075944 0.233147
20111222 2.826696 6.698883 0.075944 0.233147
20111223 2.826696 6.698883 0.075944 0.233147
20111224 2.826696 6.698883 0.075944 0.233147
20111225 2.826696 6.698883 0.075944 0.233147
20111225 2.826696 6.698883 0.075944 0.233147
20111226 2.838666 6.727250 0.076265 0.234134
20111227 2.838666 6.727250 0.076265 0.234134
20111228 2.838666 6.727250 0.076265 0.234134
20111229 2.838666 6.727250 0.076265 0.234134
20111230 2.838666 6.727250 0.076265 0.234134
20111231 2.838666 6.727250 0.076265 0.234134
20120101 2.838666 6.727250 0.076265 0.234134
20120102 2.838666 6.727250 0.076265 0.234134
20120103 2.838666 6.727250 0.076265 0.234134
20120104 2.838666 6.727250 0.076265 0.234134
20120105 2.838666 6.727250 0.076265 0.234134
20120106 2.838666 6.727250 0.076265 0.234134
20120107 2.838666 6.727250 0.076265 0.234134
20120107 2.838666 6.727250 0.076265 0.234134
20120108 3.060948 7.254027 0.082237 0.252468
20120109 3.060948 7.254027 0.082237 0.252468
20120110 3.060948 7.254027 0.082237 0.252468
20120111 3.060948 7.254027 0.082237 0.252468
20120112 3.060948 7.254027 0.082237 0.252468
20120113 3.060948 7.254027 0.082237 0.252468
20120114 3.060948 7.254027 0.082237 0.252468
20120115 3.060948 7.254027 0.082237 0.252468
20120116 3.060948 7.254027 0.082237 0.252468
20120117 3.060948 7.254027 0.082237 0.252468
20120118 3.060948 7.254027 0.082237 0.252468
20120119 3.060948 7.254027 0.082237 0.252468
20120120 3.060948 7.254027 0.082237 0.252468
20120121 3.060948 7.254027 0.082237 0.252468
20120122 3.200371 7.584440 0.085983 0.263967
20120123 3.200371 7.584440 0.085983 0.263967
20120124 3.200371 7.584440 0.085983 0.263967
20120125 3.200371 7.584440 0.085983 0.263967
20120126 3.200371 7.584440 0.085983 0.263967
20120127 3.200371 7.584440 0.085983 0.263967
20120128 3.200371 7.584440 0.085983 0.263967
20120129 3.200371 7.584440 0.085983 0.263967
20120129 3.200371 7.584440 0.085983 0.263967
20120130 3.200371 7.584440 0.085983 0.263967
20120131 3.200371 7.584440 0.085983 0.263967
20120201 3.200371 7.584440 0.085983 0.263967
20120202 3.200371 7.584440 0.085983 0.263967
20120203 3.200371 7.584440 0.085983 0.263967
20120204 3.376376 8.001550 0.090712 0.278484
20120205 3.376376 8.001550 0.090712 0.278484
20120206 3.376376 8.001550 0.090712 0.278484
20120207 3.376376 8.001550 0.090712 0.278484
20120208 3.376376 8.001550 0.090712 0.278484
20120209 3.376376 8.001550 0.090712 0.278484
20120210 3.376376 8.001550 0.090712 0.278484
20120211 3.376376 8.001550 0.090712 0.278484
20120212 3.376376 8.001550 0.090712 0.278484
20120213 3.376376 8.001550 0.090712 0.278484
20120214 3.376376 8.001550 0.090712 0.278484
20120215 3.376376 8.001550 0.090712 0.278484
20120216 3.376376 8.001550 0.090712 0.278484
20120217 3.376376 8.001550 0.090712 0.278484
20120218 3.368190 7.982149 0.090492 0.277809
20120219 3.368190 7.982149 0.090492 0.277809
20120220 3.368190 7.982149 0.090492 0.277809
20120221 3.368190 7.982149 0.090492 0.277809
20120222 3.368190 7.982149 0.090492 0.277809
20120223 3.368190 7.982149 0.090492 0.277809
20120224 3.368190 7.982149 0.090492 0.277809
20120225 3.368190 7.982149 0.090492 0.277809
20120225 3.368190 7.982149 0.090492 0.277809
20120226 3.368190 7.982149 0.090492 0.277809
20120227 3.368190 7.982149 0.090492 0.277809
20120228 3.368190 7.982149 0.090492 0.277809
20120229 3.368190 7.982149 0.090492 0.277809
20120301 3.368190 7.982149 0.090492 0.277809
20120302 3.663518 8.682036 0.098427 0.302168
20120303 3.663518 8.682036 0.098427 0.302168
20120304 3.663518 8.682036 0.098427 0.302168
20120305 3.663518 8.682036 0.098427 0.302168
20120306 3.663518 8.682036 0.098427 0.302168
20120307 3.663518 8.682036 0.098427 0.302168
20120308 3.663518 8.682036 0.098427 0.302168
20120309 3.663518 8.682036 0.098427 0.302168
20120310 3.663518 8.682036 0.098427 0.302168
20120311 3.663518 8.682036 0.098427 0.302168
20120312 3.663518 8.682036 0.098427 0.302168
20120313 3.663518 8.682036 0.098427 0.302168
20120314 3.663518 8.682036 0.098427 0.302168
20120315 3.663518 8.682036 0.098427 0.302168
20120316 3.666738 8.689667 0.098513 0.302433
20120317 3.666738 8.689667 0.098513 0.302433
20120318 3.666738 8.689667 0.098513 0.302433
20120318 3.666738 8.689667 0.098513 0.302433
20120319 3.666738 8.689667 0.098513 0.302433
20120320 3.666738 8.689667 0.098513 0.302433
20120321 3.666738 8.689667 0.098513 0.302433
20120322 3.666738 8.689667 0.098513 0.302433
20120323 3.666738 8.689667 0.098513 0.302433
20120324 3.666738 8.689667 0.098513 0.302433
20120325 3.666738 8.689667 0.098513 0.302433
20120326 3.666738 8.689667 0.098513 0.302433
20120327 3.666738 8.689667 0.098513 0.302433
20120328 3.666738 8.689667 0.098513 0.302433
20120329 3.980623 9.433532 0.106946 0.328323
20120330 3.980623 9.433532 0.106946 0.328323
20120331 3.980623 9.433532 0.106946 0.328323
20120401 3.980623 9.433532 0.106946 0.328323
20120402 3.980623 9.433532 0.106946 0.328323
20120403 3.980623 9.433532 0.106946 0.328323
20120404 3.980623 9.433532 0.106946 0.328323
20120405 3.980623 9.433532 0.106946 0.328323
20120406 3.980623 9.433532 0.106946 0.328323
20120407 3.980623 9.433532 0.106946 0.328323
20120408 3.980623 9.433532 0.106946 0.328323
20120409 3.980623 9.433532 0.106946 0.328323
20120410 3.980623 9.433532 0.106946 0.328323
20120411 3.980623 9.433532 0.106946 0.328323
20120412 3.861588 9.151434 0.103748 0.318505
20120413 3.861588 9.151434 0.103748 0.318505
20120414 3.861588 9.151434 0.103748 0.318505
20120416 3.861588 9.151434 0.103748 0.318505
20120417 3.861588 9.151434 0.103748 0.318505
20120418 3.861588 9.151434 0.103748 0.318505
20120419 3.861588 9.151434 0.103748 0.318505
20120420 3.861588 9.151434 0.103748 0.318505
20120421 3.861588 9.151434 0.103748 0.318505
20120422 3.861588 9.151434 0.103748 0.318505
20120423 3.861588 9.151434 0.103748 0.318505
20120424 3.861588 9.151434 0.103748 0.318505
20120425 3.861588 9.151434 0.103748 0.318505
20120426 3.861588 9.151434 0.103748 0.318505
20120427 3.691934 8.749377 0.099190 0.304512
20120428 3.691934 8.749377 0.099190 0.304512
20120429 3.691934 8.749377 0.099190 0.304512
20120430 3.691934 8.749377 0.099190 0.304512
20120430 3.691934 8.749377 0.099190 0.304512
20120501 3.691934 8.749377 0.099190 0.304512
20120502 3.691934 8.749377 0.099190 0.304512
20120503 3.691934 8.749377 0.099190 0.304512
20120504 3.691934 8.749377 0.099190 0.304512
20120505 3.691934 8.749377 0.099190 0.304512
20120506 3.691934 8.749377 0.099190 0.304512
20120507 3.691934 8.749377 0.099190 0.304512
20120507 3.691934 8.749377 0.099190 0.304512
20120508 3.691934 8.749377 0.099190 0.304512
20120509 4.241635 10.052094 0.113959 0.349851
20120510 4.241635 10.052094 0.113959 0.349851
20120511 4.241635 10.052094 0.113959 0.349851
20120512 4.241635 10.052094 0.113959 0.349851
20120513 4.241635 10.052094 0.113959 0.349851
20120514 4.241635 10.052094 0.113959 0.349851
20120515 4.241635 10.052094 0.113959 0.349851
20120517 4.241635 10.052094 0.113959 0.349851
20120518 4.241635 10.052094 0.113959 0.349851
20120519 4.241635 10.052094 0.113959 0.349851
20120520 4.241635 10.052094 0.113959 0.349851
20120521 4.241635 10.052094 0.113959 0.349851
20120522 4.241635 10.052094 0.113959 0.349851
20120523 4.241635 10.052094 0.113959 0.349851
20120524 3.893798 9.227767 0.104613 0.321161
20120525 3.893798 9.227767 0.104613 0.321161
20120526 3.893798 9.227767 0.104613 0.321161
20120527 3.893798 9.227767 0.104613 0.321161
20120528 3.893798 9.227767 0.104613 0.321161
20120530 3.893798 9.227767 0.104613 0.321161
20120531 3.893798 9.227767 0.104613 0.321161
20120601 3.893798 9.227767 0.104613 0.321161
20120602 3.893798 9.227767 0.104613 0.321161
20120602 3.893798 9.227767 0.104613 0.321161
20120603 3.893798 9.227767 0.104613 0.321161
20120604 3.893798 9.227767 0.104613 0.321161
20120605 3.893798 9.227767 0.104613 0.321161
20120606 3.893798 9.227767 0.104613 0.321161
20120607 3.874471 9.181966 0.104094 0.319567
20120608 3.874471 9.181966 0.104094 0.319567
20120609 3.874471 9.181966 0.104094 0.319567
20120610 3.874471 9.181966 0.104094 0.319567
20120611 3.874471 9.181966 0.104094 0.319567
20120612 3.874471 9.181966 0.104094 0.319567
20120613 3.874471 9.181966 0.104094 0.319567
20120614 3.874471 9.181966 0.104094 0.319567
20120615 3.874471 9.181966 0.104094 0.319567
20120616 3.874471 9.181966 0.104094 0.319567
20120617 3.874471 9.181966 0.104094 0.319567
20120617 3.874471 9.181966 0.104094 0.319567
20120618 3.874471 9.181966 0.104094 0.319567
20120619 3.874471 9.181966 0.104094 0.319567
20120620 4.225383 10.013578 0.113522 0.348511
20120621 4.225383 10.013578 0.113522 0.348511
20120622 4.225383 10.013578 0.113522 0.348511
20120623 4.225383 10.013578 0.113522 0.348511
20120624 4.225383 10.013578 0.113522 0.348511
20120625 4.225383 10.013578 0.113522 0.348511
20120626 4.225383 10.013578 0.113522 0.348511
20120627 4.225383 10.013578 0.113522 0.348511
20120628 4.225383 10.013578 0.113522 0.348511
20120629 4.225383 10.013578 0.113522 0.348511
20120630 4.225383 10.013578 0.113522 0.348511
20120701 4.225383 10.013578 0.113522 0.348511
20120702 4.225383 10.013578 0.113522 0.348511
20120703 4.225383 10.013578 0.113522 0.348511
20120704 4.286291 10.157921 0.115158 0.353534
20120705 4.286291 10.157921 0.115158 0.353534
20120706 4.286291 10.157921 0.115158 0.353534
20120707 4.286291 10.157921 0.115158 0.353534
20120708 4.286291 10.157921 0.115158 0.353534
20120709 4.286291 10.157921 0.115158 0.353534
20120710 4.286291 10.157921 0.115158 0.353534
20120710 4.286291 10.157921 0.115158 0.353534
20120712 4.286291 10.157921 0.115158 0.353534
20120713 4.286291 10.157921 0.115158 0.353534
20120713 4.286291 10.157921 0.115158 0.353534
20120714 4.286291 10.157921 0.115158 0.353534
20120715 4.286291 10.157921 0.115158 0.353534
20120716 4.286291 10.157921 0.115158 0.353534
20120717 4.567572 10.824521 0.122715 0.376735
20120718 4.567572 10.824521 0.122715 0.376735
20120719 4.567572 10.824521 0.122715 0.376735
20120720 4.567572 10.824521 0.122715 0.376735
20120721 4.567572 10.824521 0.122715 0.376735
20120722 4.567572 10.824521 0.122715 0.376735
20120723 4.567572 10.824521 0.122715 0.376735
20120724 4.567572 10.824521 0.122715 0.376735
20120725 4.567572 10.824521 0.122715 0.376735
20120726 4.567572 10.824521 0.122715 0.376735
20120727 4.567572 10.824521 0.122715 0.376735
20120727 4.567572 10.824521 0.122715 0.376735
20120728 4.567572 10.824521 0.122715 0.376735
20120729 4.567572 10.824521 0.122715 0.376735
20120730 4.984294 11.812094 0.133911 0.411106
20120731 4.984294 11.812094 0.133911 0.411106
20120801 4.984294 11.812094 0.133911 0.411106
20120802 4.984294 11.812094 0.133911 0.411106
20120803 4.984294 11.812094 0.133911 0.411106
20120804 4.984294 11.812094 0.133911 0.411106
20120805 4.984294 11.812094 0.133911 0.411106
20120806 4.984294 11.812094 0.133911 0.411106
20120807 4.984294 11.812094 0.133911 0.411106
20120808 4.984294 11.812094 0.133911 0.411106
20120808 4.984294 11.812094 0.133911 0.411106
20120809 4.984294 11.812094 0.133911 0.411106
20120810 4.984294 11.812094 0.133911 0.411106
20120811 4.984294 11.812094 0.133911 0.411106
20120812 5.361651 12.706379 0.144050 0.442230
20120813 5.361651 12.706379 0.144050 0.442230
20120814 5.361651 12.706379 0.144050 0.442230
20120815 5.361651 12.706379 0.144050 0.442230
20120816 5.361651 12.706379 0.144050 0.442230
20120817 5.361651 12.706379 0.144050 0.442230
20120818 5.361651 12.706379 0.144050 0.442230
20120819 5.361651 12.706379 0.144050 0.442230
20120819 5.361651 12.706379 0.144050 0.442230
20120820 5.361651 12.706379 0.144050 0.442230
20120821 5.361651 12.706379 0.144050 0.442230
20120822 5.361651 12.706379 0.144050 0.442230
20120823 5.361651 12.706379 0.144050 0.442230
20120824 5.361651 12.706379 0.144050 0.442230
20120825 5.972923 14.155010 0.160473 0.492648
20120826 5.972923 14.155010 0.160473 0.492648
20120826 5.972923 14.155010 0.160473 0.492648
20120827 5.972923 14.155010 0.160473 0.492648
20120828 5.972923 14.155010 0.160473 0.492648
20120829 5.972923 14.155010 0.160473 0.492648
20120830 5.972923 14.155010 0.160473 0.492648
20120831 5.972923 14.155010 0.160473 0.492648
20120901 5.972923 14.155010 0.160473 0.492648
20120902 5.972923 14.155010 0.160473 0.492648
20120903 5.972923 14.155010 0.160473 0.492648
20120904 5.972923 14.155010 0.160473 0.492648
20120905 5.972923 14.155010 0.160473 0.492648
20120905 5.972923 14.155010 0.160473 0.492648
20120906 6.593076 15.624686 0.177134 0.543799
20120907 6.593076 15.624686 0.177134 0.543799
20120908 6.593076 15.624686 0.177134 0.543799
20120909 6.593076 15.624686 0.177134 0.543799
20120910 6.593076 15.624686 0.177134 0.543799
20120911 6.593076 15.624686 0.177134 0.543799
20120912 6.593076 15.624686 0.177134 0.543799
20120913 6.593076 15.624686 0.177134 0.543799
20120914 6.593076 15.624686 0.177134 0.543799
20120915 6.593076 15.624686 0.177134 0.543799
20120916 6.593076 15.624686 0.177134 0.543799
20120917 6.593076 15.624686 0.177134 0.543799
20120918 6.593076 15.624686 0.177134 0.543799
20120918 6.593076 15.624686 0.177134 0.543799
20120919 7.009339 16.611173 0.188318 0.578132
20120920 7.009339 16.611173 0.188318 0.578132
20120921 7.009339 16.611173 0.188318 0.578132
20120922 7.009339 16.611173 0.188318 0.578132
20120923 7.009339 16.611173 0.188318 0.578132
20120924 7.009339 16.611173 0.188318 0.578132
20120925 7.009339 16.611173 0.188318 0.578132
20120926 7.009339 16.611173 0.188318 0.578132
20120927 7.009339 16.611173 0.188318 0.578132
20120928 7.009339 16.611173 0.188318 0.578132
20120929 7.009339 16.611173 0.188318 0.578132
20120930 7.009339 16.611173 0.188318 0.578132
20121001 7.009339 16.611173 0.188318 0.578132
20121002 7.009339 16.611173 0.188318 0.578132
20121003 7.475513 17.715942 0.200842 0.616582
20121004 7.475513 17.715942 0.200842 0.616582
20121005 7.475513 17.715942 0.200842 0.616582
20121006 7.475513 17.715942 0.200842 0.616582
20121007 7.475513 17.715942 0.200842 0.616582
20121008 7.475513 17.715942 0.200842 0.616582
20121009 7.475513 17.715942 0.200842 0.616582
20121010 7.475513 17.715942 0.200842 0.616582
20121011 7.475513 17.715942 0.200842 0.616582
20121012 7.475513 17.715942 0.200842 0.616582
20121013 7.475513 17.715942 0.200842 0.616582
20121014 7.475513 17.715942 0.200842 0.616582
20121015 7.475513 17.715942 0.200842 0.616582
20121016 7.475513 17.715942 0.200842 0.616582
20121016 7.518816 17.818563 0.202006 0.620154
20121017 7.518816 17.818563 0.202006 0.620154
20121018 7.518816 17.818563 0.202006 0.620154
20121019 7.518816 17.818563 0.202006 0.620154
20121020 7.518816 17.818563 0.202006 0.620154
20121021 7.518816 17.818563 0.202006 0.620154
20121022 7.518816 17.818563 0.202006 0.620154
20121023 7.518816 17.818563 0.202006 0.620154
20121024 7.518816 17.818563 0.202006 0.620154
20121025 7.518816 17.818563 0.202006 0.620154
20121026 7.518816 17.818563 0.202006 0.620154
20121027 7.518816 17.818563 0.202006 0.620154
20121028 7.518816 17.818563 0.202006 0.620154
20121029 7.518816 17.818563 0.202006 0.620154
20121030 8.086668 19.164296 0.217262 0.666990
20121031 8.086668 19.164296 0.217262 0.666990
20121101 8.086668 19.164296 0.217262 0.666990
20121102 8.086668 19.164296 0.217262 0.666990
20121103 8.086668 19.164296 0.217262 0.666990
20121104 8.086668 19.164296 0.217262 0.666990
20121104 8.086668 19.164296 0.217262 0.666990
20121105 8.086668 19.164296 0.217262 0.666990
20121106 8.086668 19.164296 0.217262 0.666990
20121107 8.086668 19.164296 0.217262 0.666990
20121108 8.086668 19.164296 0.217262 0.666990
20121109 8.086668 19.164296 0.217262 0.666990
20121110 8.086668 19.164296 0.217262 0.666990
20121111 8.086668 19.164296 0.217262 0.666990
20121112 8.244299 19.537859 0.221497 0.679992
20121113 8.244299 19.537859 0.221497 0.679992
20121114 8.244299 19.537859 0.221497 0.679992
20121115 8.244299 19.537859 0.221497 0.679992
20121116 8.244299 19.537859 0.221497 0.679992
20121117 8.244299 19.537859 0.221497 0.679992
20121118 8.244299 19.537859 0.221497 0.679992
20121119 8.244299 19.537859 0.221497 0.679992
20121120 8.244299 19.537859 0.221497 0.679992
20121121 8.244299 19.537859 0.221497 0.679992
20121122 8.244299 19.537859 0.221497 0.679992
20121123 8.244299 19.537859 0.221497 0.679992
20121124 8.244299 19.537859 0.221497 0.679992
20121125 8.244299 19.537859 0.221497 0.679992
20121126 8.415955 19.944661 0.226109 0.694150
20121127 8.415955 19.944661 0.226109 0.694150
20121128 8.415955 19.944661 0.226109 0.694150
20121129 8.415955 19.944661 0.226109 0.694150
20121130 8.415955 19.944661 0.226109 0.694150
20121201 8.415955 19.944661 0.226109 0.694150
20121202 8.415955 19.944661 0.226109 0.694150
20121203 8.415955 19.944661 0.226109 0.694150
20121204 8.415955 19.944661 0.226109 0.694150
20121205 8.415955 19.944661 0.226109 0.694150
20121206 8.415955 19.944661 0.226109 0.694150
20121207 8.415955 19.944661 0.226109 0.694150
20121208 8.415955 19.944661 0.226109 0.694150
20121209 8.415955 19.944661 0.226109 0.694150
20121210 8.247761 19.546064 0.221590 0.680277
20121211 8.247761 19.546064 0.221590 0.680277
20121212 8.247761 19.546064 0.221590 0.680277
20121213 8.247761 19.546064 0.221590 0.680277
20121215 8.247761 19.546064 0.221590 0.680277
20121216 8.247761 19.546064 0.221590 0.680277
20121217 8.247761 19.546064 0.221590 0.680277
20121218 8.247761 19.546064 0.221590 0.680277
20121219 8.247761 19.546064 0.221590 0.680277
20121221 8.247761 19.546064 0.221590 0.680277
20121222 8.247761 19.546064 0.221590 0.680277
20121223 8.247761 19.546064 0.221590 0.680277
20121224 8.247761 19.546064 0.221590 0.680277
20121225 8.247761 19.546064 0.221590 0.680277
20121226 7.291990 17.281017 0.195911 0.601445
20121227 7.291990 17.281017 0.195911 0.601445
20121228 7.291990 17.281017 0.195911 0.601445
20121229 7.291990 17.281017 0.195911 0.601445
20121230 7.291990 17.281017 0.195911 0.601445
20121231 7.291990 17.281017 0.195911 0.601445
20121231 7.291990 17.281017 0.195911 0.601445
20130101 7.291990 17.281017 0.195911 0.601445
20130102 7.291990 17.281017 0.195911 0.601445
20130103 7.291990 17.281017 0.195911 0.601445
20130104 7.291990 17.281017 0.195911 0.601445
20130105 7.291990 17.281017 0.195911 0.601445
20130106 7.291990 17.281017 0.195911 0.601445
20130107 7.291990 17.281017 0.195911 0.601445
20130108 7.952541 18.846432 0.213658 0.655928
20130109 7.952541 18.846432 0.213658 0.655928
20130110 7.952541 18.846432 0.213658 0.655928
20130111 7.952541 18.846432 0.213658 0.655928
20130112 7.952541 18.846432 0.213658 0.655928
20130114 7.952541 18.846432 0.213658 0.655928
20130114 7.952541 18.846432 0.213658 0.655928
20130116 7.952541 18.846432 0.213658 0.655928
20130117 7.952541 18.846432 0.213658 0.655928
20130118 7.952541 18.846432 0.213658 0.655928
20130119 7.952541 18.846432 0.213658 0.655928
20130120 7.952541 18.846432 0.213658 0.655928
20130121 7.952541 18.846432 0.213658 0.655928
20130122 7.952541 18.846432 0.213658 0.655928
20130123 7.265409 17.218024 0.195197 0.599253
20130124 7.265409 17.218024 0.195197 0.599253
20130125 7.265409 17.218024 0.195197 0.599253
20130126 7.265409 17.218024 0.195197 0.599253
20130127 7.265409 17.218024 0.195197 0.599253
20130128 7.265409 17.218024 0.195197 0.599253
20130129 7.265409 17.218024 0.195197 0.599253
20130130 7.265409 17.218024 0.195197 0.599253
20130131 7.265409 17.218024 0.195197 0.599253
20130201 7.265409 17.218024 0.195197 0.599253
20130202 7.265409 17.218024 0.195197 0.599253
20130203 7.265409 17.218024 0.195197 0.599253
20130203 7.265409 17.218024 0.195197 0.599253
20130204 7.265409 17.218024 0.195197 0.599253
20130205 8.015962 18.996732 0.215362 0.661159
20130206 8.015962 18.996732 0.215362 0.661159
20130207 8.015962 18.996732 0.215362 0.661159
20130208 8.015962 18.996732 0.215362 0.661159
20130209 8.015962 18.996732 0.215362 0.661159
20130210 8.015962 18.996732 0.215362 0.661159
20130211 8.015962 18.996732 0.215362 0.661159
20130212 8.015962 18.996732 0.215362 0.661159
20130213 8.015962 18.996732 0.215362 0.661159
20130213 8.015962 18.996732 0.215362 0.661159
20130214 8.015962 18.996732 0.215362 0.661159
20130215 8.015962 18.996732 0.215362 0.661159
20130216 8.015962 18.996732 0.215362 0.661159
20130217 8.015962 18.996732 0.215362 0.661159
20130218 8.935029 21.174794 0.240054 0.736963
20130218 8.935029 21.174794 0.240054 0.736963
20130219 8.935029 21.174794 0.240054 0.736963
20130220 8.935029 21.174794 0.240054 0.736963
20130221 8.935029 21.174794 0.240054 0.736963
20130222 8.935029 21.174794 0.240054 0.736963
20130223 8.935029 21.174794 0.240054 0.736963
20130223 8.935029 21.174794 0.240054 0.736963
20130224 8.935029 21.174794 0.240054 0.736963
20130225 8.935029 21.174794 0.240054 0.736963
20130226 8.935029 21.174794 0.240054 0.736963
20130227 8.935029 21.174794 0.240054 0.736963
20130227 8.935029 21.174794 0.240054 0.736963
20130228 8.935029 21.174794 0.240054 0.736963
20130301 10.689393 25.332397 0.287188 0.881664
20130302 10.689393 25.332397 0.287188 0.881664
20130303 10.689393 25.332397 0.287188 0.881664
20130304 10.689393 25.332397 0.287188 0.881664
20130305 10.689393 25.332397 0.287188 0.881664
20130306 10.689393 25.332397 0.287188 0.881664
20130307 10.689393 25.332397 0.287188 0.881664
20130308 10.689393 25.332397 0.287188 0.881664
20130309 10.689393 25.332397 0.287188 0.881664
20130309 10.689393 25.332397 0.287188 0.881664
20130310 10.689393 25.332397 0.287188 0.881664
20130311 10.689393 25.332397 0.287188 0.881664
20130312 10.689393 25.332397 0.287188 0.881664
20130313 10.689393 25.332397 0.287188 0.881664
20130314 11.863525 28.114929 0.318733 0.978507
20130315 11.863525 28.114929 0.318733 0.978507
20130316 11.863525 28.114929 0.318733 0.978507
20130316 11.863525 28.114929 0.318733 0.978507
20130317 11.863525 28.114929 0.318733 0.978507
20130318 11.863525 28.114929 0.318733 0.978507
20130319 11.863525 28.114929 0.318733 0.978507
20130319 11.863525 28.114929 0.318733 0.978507
20130320 11.863525 28.114929 0.318733 0.978507
20130321 11.863525 28.114929 0.318733 0.978507
20130321 11.863525 28.114929 0.318733 0.978507
20130322 11.863525 28.114929 0.318733 0.978507
20130323 11.863525 28.114929 0.318733 0.978507
20130323 11.863525 28.114929 0.318733 0.978507
20130324 16.386527 38.833824 0.440251 1.351565
20130325 16.386527 38.833824 0.440251 1.351565
20130326 16.386527 38.833824 0.440251 1.351565
20130327 16.386527 38.833824 0.440251 1.351565
20130328 16.386527 38.833824 0.440251 1.351565
20130329 16.386527 38.833824 0.440251 1.351565
20130330 16.386527 38.833824 0.440251 1.351565
20130330 16.386527 38.833824 0.440251 1.351565
20130331 16.386527 38.833824 0.440251 1.351565
20130401 16.386527 38.833824 0.440251 1.351565
20130402 16.386527 38.833824 0.440251 1.351565
20130403 16.386527 38.833824 0.440251 1.351565
20130403 16.386527 38.833824 0.440251 1.351565
20130404 16.386527 38.833824 0.440251 1.351565
20130405 18.777939 44.501144 0.504501 1.548809
20130406 18.777939 44.501144 0.504501 1.548809
20130407 18.777939 44.501144 0.504501 1.548809
20130408 18.777939 44.501144 0.504501 1.548809
20130409 18.777939 44.501144 0.504501 1.548809
20130410 18.777939 44.501144 0.504501 1.548809
20130410 18.777939 44.501144 0.504501 1.548809
20130411 18.777939 44.501144 0.504501 1.548809
20130412 18.777939 44.501144 0.504501 1.548809
20130413 18.777939 44.501144 0.504501 1.548809
20130414 18.777939 44.501144 0.504501 1.548809
20130415 18.777939 44.501144 0.504501 1.548809
20130416 18.777939 44.501144 0.504501 1.548809
20130416 18.777939 44.501144 0.504501 1.548809
20130417 21.962569 52.048279 0.590061 1.811478
20130418 21.962569 52.048279 0.590061 1.811478
20130419 21.962569 52.048279 0.590061 1.811478
20130420 21.962569 52.048279 0.590061 1.811478
20130421 21.962569 52.048279 0.590061 1.811478
20130422 21.962569 52.048279 0.590061 1.811478
20130423 21.962569 52.048279 0.590061 1.811478
20130424 21.962569 52.048279 0.590061 1.811478
20130425 21.962569 52.048279 0.590061 1.811478
20130425 21.962569 52.048279 0.590061 1.811478
20130426 21.962569 52.048279 0.590061 1.811478
20130427 21.962569 52.048279 0.590061 1.811478
20130428 21.962569 52.048279 0.590061 1.811478
20130429 21.962569 52.048279 0.590061 1.811478
20130430 24.659458 58.439537 0.662517 2.033918
20130501 24.659458 58.439537 0.662517 2.033918
20130502 24.659458 58.439537 0.662517 2.033918
20130503 24.659458 58.439537 0.662517 2.033918
20130504 24.659458 58.439537 0.662517 2.033918
20130505 24.659458 58.439537 0.662517 2.033918
20130505 24.659458 58.439537 0.662517 2.033918
20130506 24.659458 58.439537 0.662517 2.033918
20130507 24.659458 58.439537 0.662517 2.033918
20130508 24.659458 58.439537 0.662517 2.033918
20130509 24.659458 58.439537 0.662517 2.033918
20130510 24.659458 58.439537 0.662517 2.033918
20130511 24.659458 58.439537 0.662517 2.033918
20130511 24.659458 58.439537 0.662517 2.033918
20130512 27.378293 64.882805 0.735563 2.258169
20130513 27.378293 64.882805 0.735563 2.258169
20130514 27.378293 64.882805 0.735563 2.258169
20130515 27.378293 64.882805 0.735563 2.258169
20130516 27.378293 64.882805 0.735563 2.258169
20130517 27.378293 64.882805 0.735563 2.258169
20130518 27.378293 64.882805 0.735563 2.258169
20130519 27.378293 64.882805 0.735563 2.258169
20130520 27.378293 64.882805 0.735563 2.258169
20130521 27.378293 64.882805 0.735563 2.258169
20130522 27.378293 64.882805 0.735563 2.258169
20130523 27.378293 64.882805 0.735563 2.258169
20130524 27.378293 64.882805 0.735563 2.258169
20130524 27.378293 64.882805 0.735563 2.258169
20130525 29.742738 70.486216 0.799088 2.453189
20130526 29.742738 70.486216 0.799088 2.453189
20130527 29.742738 70.486216 0.799088 2.453189
20130528 29.742738 70.486216 0.799088 2.453189
20130529 29.742738 70.486216 0.799088 2.453189
20130530 29.742738 70.486216 0.799088 2.453189
20130530 29.742738 70.486216 0.799088 2.453189
20130531 29.742738 70.486216 0.799088 2.453189
20130601 29.742738 70.486216 0.799088 2.453189
20130602 29.742738 70.486216 0.799088 2.453189
20130602 29.742738 70.486216 0.799088 2.453189
20130603 29.742738 70.486216 0.799088 2.453189
20130604 29.742738 70.486216 0.799088 2.453189
20130604 29.742738 70.486216 0.799088 2.453189
20130605 38.191272 90.508082 1.026072 3.150026
20130606 38.191272 90.508082 1.026072 3.150026
20130607 38.191272 90.508082 1.026072 3.150026
20130608 38.191272 90.508082 1.026072 3.150026
20130608 38.191272 90.508082 1.026072 3.150026
20130609 38.191272 90.508082 1.026072 3.150026
20130610 38.191272 90.508082 1.026072 3.150026
20130611 38.191272 90.508082 1.026072 3.150026
20130612 38.191272 90.508082 1.026072 3.150026
20130612 38.191272 90.508082 1.026072 3.150026
20130613 38.191272 90.508082 1.026072 3.150026
20130614 38.191272 90.508082 1.026072 3.150026
20130615 38.191272 90.508082 1.026072 3.150026
20130616 38.191272 90.508082 1.026072 3.150026
20130616 47.328480 112.162013 1.271558 3.903665
20130617 47.328480 112.162013 1.271558 3.903665
20130618 47.328480 112.162013 1.271558 3.903665
20130619 47.328480 112.162013 1.271558 3.903665
20130620 47.328480 112.162013 1.271558 3.903665
20130621 47.328480 112.162013 1.271558 3.903665
20130622 47.328480 112.162013 1.271558 3.903665
20130623 47.328480 112.162013 1.271558 3.903665
20130624 47.328480 112.162013 1.271558 3.903665
20130625 47.328480 112.162013 1.271558 3.903665
20130626 47.328480 112.162013 1.271558 3.903665
20130627 47.328480 112.162013 1.271558 3.903665
20130627 47.328480 112.162013 1.271558 3.903665
20130628 47.328480 112.162013 1.271558 3.903665
20130629 52.213414 123.738638 1.402800 4.306575
20130630 52.213414 123.738638 1.402800 4.306575
20130701 52.213414 123.738638 1.402800 4.306575
20130702 52.213414 123.738638 1.402800 4.306575
20130703 52.213414 123.738638 1.402800 4.306575
20130704 52.213414 123.738638 1.402800 4.306575
20130704 52.213414 123.738638 1.402800 4.306575
20130705 52.213414 123.738638 1.402800 4.306575
