20120713 0.0300000 0.0399000 0.0300000 0.0350000 7782.302
20120714 0.0330000 0.0499000 0.0350000 0.0400000 11654.16
20120715 0.0361000 0.0469900 0.0361000 0.0402030 12164.67
20120716 0.0399000 0.0549600 0.0402030 0.0520000 29000.93
20120717 0.0400040 0.0599000 0.0549000 0.0580000 60791.61
20120718 0.0460000 0.0570000 0.0540000 0.0481000 20013.15
20120719 0.0450030 0.0549800 0.0523000 0.0470000 31218.42
20120720 0.0413000 0.0580000 0.0471000 0.0580000 38275.11
20120721 0.0470040 0.0530000 0.0530000 0.0490020 2757.806
20120722 0.0464140 0.0516000 0.0480020 0.0475990 6545.843
20120723 0.0450020 0.0549900 0.0475990 0.0491010 6775.386
20120724 0.0468520 0.0539990 0.0510000 0.0481000 10745.28
20120725 0.0386000 0.0495000 0.0481000 0.0440000 37114.33
20120726 0.0430000 0.0800000 0.0440000 0.0490050 43015.72
20120727 0.0400000 0.0725000 0.0509990 0.0550000 62080.61
20120728 0.0500030 0.0585020 0.0550000 0.0500030 19224.81
20120729 0.0500060 0.0598490 0.0515000 0.0555000 9631.065
20120730 0.0551010 0.0666000 0.0578870 0.0600110 36957.45
20120731 0.0600130 0.0639960 0.0600130 0.0639960 94.980790
20120802 0.0580000 0.0634940 0.0634940 0.0580000 25353.23
20120803 0.0500030 0.0634970 0.0581000 0.0535000 87338.41
20120804 0.0300000 0.0571200 0.0540000 0.0483800 34805.57
20120805 0.0451000 0.0549800 0.0483800 0.0464340 11933.73
20120806 0.0464300 0.0503000 0.0497000 0.0470890 6945.441
20120807 0.0470010 0.0599900 0.0470890 0.0599400 22790.41
20120808 0.0517000 0.0599500 0.0599390 0.0525010 26547.16
20120809 0.0490000 0.0577200 0.0525010 0.0511990 56122.03
20120810 0.0490000 0.0523980 0.0523980 0.0492500 2854.346
20120811 0.0492500 0.0517600 0.0492500 0.0513900 5940.397
20120812 0.0493720 0.0550000 0.0498070 0.0520000 24741.05
20120813 0.0461000 0.0532000 0.0520010 0.0461000 45348.57
20120814 0.0450000 0.0489990 0.0462010 0.0460180 38023.15
20120815 0.0150000 0.0486990 0.0480000 0.0320110 127905.5
20120816 0.0300120 0.0487500 0.0330010 0.0460000 59097.35
20120817 0.0420000 0.0523980 0.0439010 0.0469990 93165.52
20120818 0.0400010 0.0505000 0.0460000 0.0469000 34675.22
20120819 0.0372020 0.0530000 0.0405000 0.0385000 85173.83
20120820 0.0370010 0.0449990 0.0385010 0.0372560 35922.70
20120821 0.0372550 0.0429000 0.0372550 0.0390000 19983.61
20120822 0.0387100 0.0409990 0.0390000 0.0407000 20345.36
20120823 0.0392000 0.0407000 0.0407000 0.0404940 1703.370
20120824 0.0387000 0.0411000 0.0396000 0.0400000 11186.28
20120825 0.0383000 0.0417000 0.0400040 0.0405000 9790.699
20120826 0.0390030 0.0412990 0.0410000 0.0396000 5307.825
20120827 0.0033700 0.0425000 0.0399890 0.0391800 42427.65
20120828 0.0380330 0.0463000 0.0391800 0.0389000 51317.87
20120829 0.0388900 0.0411000 0.0389000 0.0410000 9501.539
20120830 0.0385000 0.0409990 0.0392200 0.0385000 14087.09
20120831 0.0369000 0.0399990 0.0385000 0.0399930 25760.53
20120901 0.0364000 0.0399990 0.0387990 0.0382100 36837.45
20120902 0.0370000 0.0395980 0.0372120 0.0377800 2533.755
20120903 0.0371540 0.0392000 0.0377800 0.0385000 12329.56
20120904 0.0375530 0.0393000 0.0380000 0.0378000 3988.739
20120905 0.0377030 0.0399800 0.0388990 0.0399800 26971.30
20120906 0.0380010 0.0399800 0.0399800 0.0387120 9637.164
20120907 0.0387130 0.0392500 0.0389900 0.0392500 10482.31
20120908 0.0386600 0.0390000 0.0388110 0.0389890 13520.02
20120909 0.0386600 0.0399000 0.0389890 0.0395000 27218.72
20120910 0.0387000 0.0396880 0.0395000 0.0390450 13799.20
20120911 0.0380000 0.0394980 0.0390450 0.0381000 18158.62
20120912 0.0375000 0.0392100 0.0389000 0.0376000 18415.57
20120913 0.0290000 0.0390000 0.0386000 0.0291000 82850.63
20120914 0.0300000 0.0340000 0.0310000 0.0334000 4963.488
20120915 0.0329000 0.0375000 0.0342000 0.0359100 23220.05
20120916 0.0352000 0.0390000 0.0359100 0.0378000 21721.56
20120917 0.0369000 0.0390000 0.0379000 0.0371000 8794.157
20120918 0.0368000 0.0392100 0.0379900 0.0382000 27601.49
20120919 0.0376000 0.0399000 0.0390000 0.0394000 25544.11
20120920 0.0386000 0.0420000 0.0395000 0.0400000 23563.92
20120921 0.0393200 0.0416990 0.0397000 0.0393560 11497.36
20120922 0.0394000 0.0409990 0.0407500 0.0396250 9865.910
20120923 0.0393550 0.0427000 0.0396250 0.0420020 47033.44
20120924 0.0404000 0.0460000 0.0425000 0.0404200 61939.53
20120925 0.0404100 0.0428760 0.0404200 0.0420870 27563.74
20120926 0.0407100 0.0459000 0.0420410 0.0448980 67694.14
20120927 0.0418000 0.0466810 0.0418000 0.0430160 29211.22
20120928 0.0430200 0.0500000 0.0430200 0.0449960 64789.41
20120929 0.0440450 0.0480000 0.0449970 0.0461010 8552.532
20120930 0.0462000 0.0485580 0.0474240 0.0474040 9080.252
20121001 0.0463090 0.0500000 0.0473960 0.0480000 54202.16
20121002 0.0479100 0.0629000 0.0495000 0.0599990 54823.31
20121003 0.0500000 0.0627950 0.0500000 0.0560000 59171.63
20121004 0.0555960 0.0599990 0.0583000 0.0574000 56489.81
20121005 0.0532050 0.0579980 0.0574000 0.0559980 31799.65
20121006 0.0534000 0.0560000 0.0544000 0.0537000 7476.751
20121007 0.0537050 0.0566000 0.0537050 0.0561980 7560.244
20121008 0.0546150 0.0619990 0.0553010 0.0597120 74724.40
20121009 0.0598980 0.1000000 0.0598980 0.0751070 78370.01
20121010 0.0720000 0.0814000 0.0751070 0.0784000 41387.89
20121011 0.0770020 0.0887530 0.0781000 0.0887530 24542.56
20121012 0.0780500 0.1019170 0.0890000 0.0887000 182608.0
20121013 0.0735000 0.0899000 0.0887000 0.0798000 152701.2
20121014 0.0767010 0.0950000 0.0799000 0.0895980 104647.7
20121015 0.0793100 0.0949950 0.0895980 0.0899900 50437.93
20121016 0.0855000 0.0922000 0.0900000 0.0884110 57513.53
20121017 0.0884000 0.0908700 0.0900000 0.0889060 17282.49
20121018 0.0855000 0.0899000 0.0886000 0.0876000 35135.67
20121019 0.0553000 0.0865220 0.0862420 0.0756750 120848.7
20121020 0.0718860 0.0877000 0.0756750 0.0830000 76897.05
20121021 0.0750000 0.0867790 0.0822010 0.0830000 19345.50
20121022 0.0810010 0.0849000 0.0814090 0.0832000 15120.69
20121023 0.0800200 0.0859980 0.0832000 0.0859940 43370.64
20121024 0.0839000 0.0860000 0.0859770 0.0839180 15882.52
20121025 0.0700010 0.0849000 0.0848000 0.0736300 42160.99
20121026 0.0100000 0.1600000 0.0752500 0.0733830 521719.6
20121027 0.0724010 0.0810000 0.0752000 0.0760000 31656.47
20121028 0.0750000 0.0791990 0.0772490 0.0772460 25039.26
20121029 0.0752000 0.0776000 0.0752000 0.0776000 16143.83
20121030 0.0765000 0.0789980 0.0765000 0.0788760 8600.397
20121031 0.0771000 0.0798000 0.0788770 0.0791100 45051.29
20121101 0.0778000 0.0809880 0.0791100 0.0790010 78875.62
20121102 0.0770000 0.0790010 0.0785000 0.0770000 35731.70
20121103 0.0756000 0.0772990 0.0770000 0.0772990 18778.86
20121104 0.0720100 0.0772990 0.0772990 0.0720100 22829.49
20121105 0.0700020 0.0760000 0.0710000 0.0726200 20163.77
20121106 0.0727000 0.0749900 0.0739950 0.0740000 23609.13
20121107 0.0722460 0.0743900 0.0730010 0.0733000 19074.17
20121108 0.0702900 0.0736980 0.0722460 0.0732000 15753.57
20121109 0.0706930 0.0731000 0.0718000 0.0724000 8289.779
20121110 0.0681000 0.0727000 0.0725990 0.0705000 14349.59
20121111 0.0685000 0.0712470 0.0704060 0.0695700 10182.58
20121112 0.0508870 0.0699990 0.0699990 0.0651000 41159.50
20121113 0.0601010 0.0689970 0.0655570 0.0683840 24374.46
20121114 0.0668690 0.0689000 0.0687940 0.0678990 8026.221
20121115 0.0596100 0.0682040 0.0682040 0.0640990 23418.57
20121116 0.0550000 0.0656950 0.0637590 0.0609000 113817.4
20121117 0.0551000 0.0629000 0.0596990 0.0594810 62010.66
20121118 0.0561100 0.0624250 0.0583490 0.0620000 30534.60
20121119 0.0580100 0.0630000 0.0621990 0.0585000 25542.50
20121120 0.0567490 0.0595310 0.0585000 0.0567820 11192.37
20121121 0.0567820 0.0630000 0.0579000 0.0614150 39355.07
20121122 0.0585610 0.0623810 0.0614160 0.0609390 20816.38
20121123 0.0585900 0.0619970 0.0601850 0.0609000 24690.97
20121124 0.0600010 0.0650000 0.0611000 0.0625000 45430.81
20121125 0.0611110 0.0639000 0.0623000 0.0612600 34398.37
20121126 0.0610000 0.0623090 0.0612700 0.0610420 16936.00
20121127 0.0600000 0.0637000 0.0610420 0.0625000 48025.05
20121128 0.0618890 0.0726000 0.0625000 0.0685300 82337.54
20121129 0.0676610 0.0837000 0.0685250 0.0783590 115190.2
20121130 0.0780000 0.0840000 0.0780000 0.0824000 46185.60
20121201 0.0803010 0.0839990 0.0833990 0.0815010 38606.06
20121202 0.0767200 0.0821960 0.0820000 0.0792000 42531.48
20121203 0.0720000 0.0792990 0.0784000 0.0747000 25218.50
20121204 0.0746890 0.0779800 0.0747000 0.0779200 29417.05
20121205 0.0722010 0.0793250 0.0761040 0.0743130 65432.92
20121206 0.0740000 0.0801010 0.0746040 0.0801010 57961.81
20121207 0.0771390 0.0798990 0.0790010 0.0786950 30490.67
20121208 0.0771020 0.0786890 0.0774000 0.0771020 10611.14
20121209 0.0770160 0.0798860 0.0771020 0.0783500 24730.35
20121210 0.0770020 0.0791990 0.0783500 0.0780000 9029.066
20121211 0.0778000 0.0798760 0.0789000 0.0786210 14031.26
20121212 0.0781400 0.0798750 0.0795990 0.0798280 49888.36
20121213 0.0769800 0.0798310 0.0790600 0.0784590 73697.83
20121214 0.0770000 0.0789930 0.0778500 0.0780500 25573.75
20121215 0.0772010 0.0783000 0.0772010 0.0777000 4231.746
20121216 0.0768000 0.0789990 0.0782450 0.0777870 60682.45
20121217 0.0750000 0.0778900 0.0768510 0.0766060 39743.30
20121218 0.0763200 0.0774000 0.0766630 0.0764820 5638.408
20121219 0.0750000 0.0769000 0.0766050 0.0750100 10244.39
20121220 0.0750000 0.0768980 0.0750000 0.0768500 5120.656
20121221 0.0765010 0.0779000 0.0765020 0.0772050 18292.45
20121222 0.0770000 0.0780000 0.0777000 0.0770000 24976.55
20121223 0.0763000 0.0778900 0.0766000 0.0763000 4697.827
20121224 0.0756010 0.0770000 0.0761000 0.0769080 6437.556
20121225 0.0762720 0.0770000 0.0762730 0.0769970 3824.370
20121226 0.0740010 0.0765190 0.0763010 0.0753020 21467.75
20121227 0.0740020 0.0761970 0.0761780 0.0748390 11386.38
20121228 0.0740100 0.0758980 0.0749000 0.0740200 10000.46
20121229 0.0740100 0.0747500 0.0740220 0.0747000 4203.021
20121230 0.0714500 0.0747000 0.0740500 0.0714500 21077.31
20121231 0.0700020 0.0718000 0.0714600 0.0713820 32616.93
20130101 0.0694690 0.0717650 0.0703010 0.0704990 10473.34
20130102 0.0650000 0.0720000 0.0705000 0.0701000 20831.46
20130103 0.0600000 0.0708960 0.0703000 0.0702000 32233.83
20130104 0.0660000 0.0708000 0.0707990 0.0699080 9839.301
20130105 0.0680000 0.0750000 0.0688260 0.0743080 22095.51
20130106 0.0709250 0.0750000 0.0732300 0.0729340 18182.82
20130107 0.0712500 0.0780000 0.0729300 0.0728980 47716.49
20130108 0.0716020 0.0728940 0.0727530 0.0716020 20621.29
20130109 0.0708000 0.0716100 0.0716020 0.0715920 40102.35
20130110 0.0700000 0.0715780 0.0715780 0.0700000 33251.98
20130111 0.0672010 0.0700000 0.0700000 0.0687600 48953.37
20130112 0.0633230 0.0705420 0.0678000 0.0686410 27850.24
20130113 0.0632980 0.0679960 0.0679930 0.0633010 43935.43
20130114 0.0511100 0.0665000 0.0633000 0.0616790 55885.61
20130115 0.0575000 0.0649000 0.0616790 0.0630000 38187.66
20130116 0.0601660 0.0640000 0.0620020 0.0618180 30526.88
20130117 0.0605010 0.0640000 0.0628500 0.0625000 36978.89
20130118 0.0594000 0.0633940 0.0631440 0.0616130 63268.31
20130119 0.0571320 0.0609000 0.0602900 0.0589970 31026.49
20130120 0.0552370 0.0590000 0.0580010 0.0561100 24285.38
20130121 0.0530000 0.0580000 0.0572150 0.0555900 84351.94
20130122 0.0540010 0.0570000 0.0550750 0.0545000 29397.01
20130123 0.0530050 0.0700000 0.0545000 0.0605000 135251.0
20130124 0.0592490 0.0650000 0.0607000 0.0622600 58206.87
20130125 0.0601000 0.0649900 0.0610000 0.0640000 27447.15
20130126 0.0610100 0.0650000 0.0640000 0.0640000 14230.42
20130127 0.0636640 0.0660000 0.0640000 0.0650310 10709.43
20130128 0.0620100 0.0649890 0.0638040 0.0627600 23682.45
20130129 0.0627600 0.0655000 0.0627600 0.0645000 48850.74
20130130 0.0645000 0.0657490 0.0645500 0.0648000 23537.33
20130131 0.0646100 0.0752260 0.0646500 0.0707000 175836.0
20130201 0.0687700 0.0733880 0.0691300 0.0700510 10652.74
20130202 0.0650000 0.0711060 0.0700500 0.0671930 83714.89
20130203 0.0672610 0.0700000 0.0684400 0.0689430 48142.82
20130204 0.0690060 0.0709570 0.0696010 0.0702000 43430.95
20130205 0.0696030 0.0719980 0.0703000 0.0708360 17934.69
20130206 0.0703000 0.0724000 0.0706900 0.0710000 17858.29
20130207 0.0707010 0.0749500 0.0707010 0.0734900 56130.98
20130208 0.0736010 0.0777690 0.0749500 0.0770000 61929.98
20130209 0.0771000 0.0815000 0.0772000 0.0800100 130080.3
20130210 0.0793400 0.0815000 0.0800000 0.0801000 59327.28
20130211 0.0797000 0.0816000 0.0801000 0.0811960 80798.98
20130212 0.0719000 0.0811960 0.0811960 0.0723000 117979.7
20130213 0.0710010 0.0796100 0.0727730 0.0742100 49853.60
20130214 0.0720000 0.0776810 0.0742090 0.0759890 19472.28
20130215 0.0711100 0.0762000 0.0740530 0.0761980 31393.81
20130216 0.0733940 0.0760000 0.0760000 0.0749800 4499.237
20130217 0.0733000 0.0749800 0.0749800 0.0747800 19656.26
20130218 0.0731520 0.0746000 0.0733030 0.0740390 11562.27
20130219 0.0711100 0.0744190 0.0742990 0.0724490 47258.87
20130220 0.0650000 0.0724490 0.0724490 0.0660500 140090.3
20130221 0.0660500 0.0720000 0.0660500 0.0670820 28245.83
20130222 0.0629900 0.0700000 0.0661010 0.0674790 71069.08
20130223 0.0627050 0.0710000 0.0629910 0.0695000 56977.49
20130224 0.0648900 0.0699990 0.0693600 0.0684080 61553.19
20130225 0.0638050 0.0679900 0.0670010 0.0664150 22991.59
20130226 0.0627030 0.0670000 0.0664150 0.0658800 33623.11
20130227 0.0627040 0.0669900 0.0650000 0.0663980 50846.27
20130228 0.0659200 0.0721260 0.0663980 0.0713700 65340.26
20130301 0.0700010 0.0799990 0.0713700 0.0760070 167629.3
20130302 0.0750000 0.0799970 0.0760990 0.0787980 83961.30
20130303 0.0783010 0.1099920 0.0787980 0.1047860 182381.6
20130304 0.0939990 0.6540100 0.1099990 0.1307560 146494.7
20130305 0.1222000 0.2150000 0.1307170 0.1830000 191177.1
20130306 0.1495000 0.2200000 0.1844940 0.1859600 140405.7
20130307 0.1400000 0.2200000 0.1755000 0.2050000 189137.9
20130308 0.1900100 0.2109710 0.2050000 0.2099800 38940.51
20130309 0.2074000 0.2246510 0.2090000 0.2244100 78014.10
20130310 0.2204840 0.3530000 0.2220000 0.3325530 226959.8
20130311 0.3300010 0.4490000 0.3350000 0.4330250 256301.5
20130312 0.3125000 0.6500000 0.4299890 0.6490000 453104.7
20130313 0.4120000 0.7524940 0.6490000 0.6611170 371561.1
20130314 0.5500000 0.6990000 0.6611170 0.6298200 131713.2
20130315 0.6178200 0.6597680 0.6178200 0.6410030 44403.08
20130316 0.5734550 0.6497610 0.6460000 0.5899900 97472.03
20130317 0.4025610 0.6000000 0.5820030 0.5568000 226036.3
20130318 0.5100110 0.6099990 0.5650000 0.5202100 120965.1
20130319 0.4400300 0.5558000 0.5218070 0.5050100 225000.3
20130320 0.4747000 0.5499900 0.5000110 0.5300650 133526.3
20130321 0.3753630 0.5399900 0.5399900 0.4282800 156476.3
20130322 0.3504700 0.5100000 0.4396500 0.4874990 153975.7
20130323 0.4580000 0.5403000 0.4916400 0.5030100 131193.6
20130324 0.5011000 0.5990000 0.5011200 0.5899990 119225.7
20130325 0.5100000 0.5987980 0.5919990 0.5399900 107359.9
20130326 0.5400000 0.5889000 0.5400000 0.5630000 85486.69
20130327 0.5411000 0.5650000 0.5639990 0.5514600 69618.48
20130328 0.5481000 0.7209000 0.5503300 0.6799970 341537.6
20130329 0.6150000 0.6945070 0.6710800 0.6880000 88253.23
20130330 0.6760000 0.8247000 0.6887470 0.7870400 279721.2
20130331 0.7800000 0.8485500 0.7996500 0.8290000 91756.18
20130401 0.8230010 1.8600000 0.8290000 1.8100100 566653.2
20130402 1.5200000 4.6000000 1.8100100 3.1355900 605418.7
20130403 2.6614000 5.8999900 3.1355900 4.3770000 574971.8
20130404 3.6942500 5.0000000 4.3770000 3.9999000 301117.3
20130405 2.7814000 4.2900000 3.9999000 3.5600000 339965.8
20130406 1.5100000 3.5400000 3.5120100 2.9999800 502247.0
20130407 2.7001000 3.9450900 2.9998600 3.7869900 329640.4
20130408 3.7300000 4.4950000 3.7880000 4.2785000 318374.3
20130409 4.1800000 5.0000000 4.2785000 4.8400000 268463.8
20130410 2.2500000 4.9995000 4.8400000 3.2199800 549429.2
20130411 1.1500000 3.8100000 3.2313000 1.5970000 646050.8
20130412 1.1100000 2.4900000 1.5970000 2.4000000 677366.2
20130413 1.9416300 2.7600000 2.4000000 2.1601000 451632.8
20130414 2.1514200 2.5320000 2.1601100 2.2500000 159948.1
20130415 2.1160000 2.6900000 2.2400400 2.3650000 285490.3
20130416 1.3000000 2.3768300 2.3650000 1.8789000 487108.8
20130417 1.7794600 2.2000000 1.8789000 2.1101000 321026.2
20130418 2.0137800 2.4100000 2.1101000 2.3272000 245828.2
20130419 2.2420000 2.7700000 2.3275000 2.5504600 424426.7
20130420 2.3900000 2.6500000 2.5489800 2.5832000 118975.3
20130421 2.2000000 2.6448900 2.5832000 2.5000000 278952.4
20130422 2.4900100 2.6090000 2.5049900 2.5900000 93420.84
20130423 2.5712700 2.8500000 2.5900000 2.8198800 203127.6
20130424 2.7860000 3.2100000 2.8003000 3.1370000 371795.2
20130425 3.1110000 4.5000000 3.1400000 3.7900000 559462.5
20130426 3.3000000 4.1000000 3.7998000 3.8770000 257219.8
20130427 3.8100400 4.3340000 3.9149200 4.0511000 264026.2
20130428 3.9900000 4.1900000 4.0510000 4.0650200 113205.3
20130429 3.9000000 4.1988000 4.0998000 4.0910000 394199.6
20130430 4.0360000 4.1950000 4.0970000 4.1149200 212373.5
20130501 3.3050000 4.1950000 4.1100000 3.7779000 304724.6
20130502 3.0649800 3.9760500 3.7640000 3.4100000 347406.7
20130503 2.4346000 3.4340000 3.4100000 3.0190000 525072.0
20130504 2.9400000 3.6390000 3.0383000 3.4400000 244102.3
20130505 3.3750000 3.6953100 3.4400000 3.5625000 139927.2
20130506 3.0000000 3.6500000 3.5501000 3.3370000 177951.3
20130507 2.9390000 3.3289900 3.3100100 3.2760000 171398.2
20130508 3.2163000 3.4600000 3.2820000 3.2900000 70923.55
20130509 3.2016000 3.3390000 3.2900000 3.2689000 43212.34
20130510 3.2470000 3.4290000 3.2690000 3.3050100 74584.22
20130511 3.2100000 3.3400000 3.3329000 3.2580000 36754.81
20130512 3.1210000 3.2750000 3.2732000 3.1901000 37580.61
20130513 3.1049100 3.2263000 3.1899000 3.1413300 46824.39
20130514 2.5200000 3.1689000 3.1539300 2.6299000 245280.2
20130515 2.5000000 2.9086400 2.6299000 2.7087000 324412.8
20130516 2.5236000 2.7400000 2.7050000 2.6643000 148826.7
20130517 2.6315600 3.1900000 2.6643400 2.8839000 192256.9
20130518 2.8730000 3.0900000 2.8839000 3.0599900 124681.9
20130519 2.9500000 3.1690000 3.0598900 3.0510000 103103.8
20130520 2.9400000 3.0599900 3.0500000 2.9600000 52192.97
20130521 2.8500000 2.9802100 2.9776800 2.9380700 61281.20
20130522 2.9020000 2.9600000 2.9120000 2.9375000 27800.68
20130523 2.9300000 3.0300000 2.9370000 3.0050000 54560.43
20130524 2.9812000 3.0620000 3.0147300 3.0415300 79669.42
20130525 3.0000000 3.0500000 3.0445000 3.0090000 39388.33
20130526 3.0013000 3.1797000 3.0083200 3.1351300 76308.58
20130527 2.9500000 3.1520400 3.1351000 3.0229900 88254.63
20130528 2.9610000 3.0700000 3.0229900 3.0100000 46472.20
20130529 2.9610000 3.0190000 3.0054000 2.9900000 33273.36
20130530 2.8560000 3.0000000 2.9835100 2.9200900 39184.28
20130531 2.6300000 2.9383800 2.9383700 2.8700000 113347.6
20130601 2.7715000 2.8875000 2.8869200 2.7920200 25847.93
20130602 2.6106700 2.8300000 2.7920000 2.6828200 99858.66
20130603 2.6260000 2.7900000 2.7000000 2.6890000 78750.17
20130604 2.6852000 2.8990000 2.6890000 2.8125200 74769.36
20130605 2.7950100 2.9090000 2.8000000 2.8318800 47189.82
20130606 2.7650000 2.8400400 2.8300000 2.7730100 25022.75
20130607 2.6060000 2.7927900 2.7850000 2.6300000 103608.7
20130608 2.5540000 2.6700000 2.6310000 2.6000000 37967.57
20130609 2.0600000 2.6111300 2.6000000 2.4427000 201143.2
20130610 2.2625200 2.5400000 2.4427000 2.4468200 73224.19
20130611 2.2200000 2.4550000 2.4300000 2.3989900 98816.03
20130612 2.2800000 2.4000000 2.3989900 2.3853000 54706.12
20130613 2.2520000 2.4790000 2.3735800 2.3139400 90454.75
20130614 2.1037700 2.3261100 2.3139400 2.1442600 151538.3
20130615 2.0200000 2.1780000 2.1421100 2.1009000 100844.2
20130616 2.0520100 2.2282500 2.1010000 2.1500000 75318.28
20130617 2.1120000 2.2699900 2.1596000 2.2500000 64195.71
20130618 2.1620000 2.3301500 2.2552900 2.2350000 69790.91
20130619 2.1900000 2.2706900 2.2363900 2.2500000 159683.6
20130620 2.1946000 2.2894300 2.2440600 2.2188400 65597.08
20130621 2.1500000 2.8299000 2.2110000 2.7800000 278845.5
20130622 2.6419500 3.3470000 2.7899900 2.7200200 392075.1
20130623 2.7160000 3.2090000 2.7200000 2.9200000 242862.2
20130624 2.4000000 2.9499900 2.9200000 2.6820000 327573.3
20130625 2.6000000 2.7493600 2.6820000 2.6380000 92400.00
20130626 2.6380000 2.7366600 2.6600000 2.7200000 39505.94
20130627 2.6705000 2.8450000 2.7240000 2.8313700 66997.06
20130628 2.4900000 2.8354800 2.8313700 2.5715100 187747.1
20130629 2.5120000 2.6800000 2.5740000 2.6198000 69802.49
20130630 2.5980000 2.7796800 2.6199900 2.7621900 97113.45
20130701 2.5300000 2.9910000 2.7622900 2.7150000 389916.8
20130702 2.6278000 2.7904900 2.7289900 2.6929900 93740.13
20130703 2.6210000 2.8600000 2.6911600 2.6419600 232410.1
20130704 2.5500000 2.7330000 2.6419700 2.6980000 114730.7
20130705 2.2386300 2.6988000 2.6900000 2.3753600 271893.7
20130706 2.2664200 2.5500000 2.3753600 2.3719600 93280.85
20130707 2.3164000 2.5900000 2.3719700 2.5860000 75115.55
20130708 2.3900000 2.5900000 2.5755600 2.4879000 162978.4
20130709 2.3583500 2.5200000 2.4870000 2.4694500 121765.0
20130710 2.4387600 2.6059800 2.4600000 2.5778000 120256.5
20130711 2.5046900 2.6390000 2.5778000 2.5400000 97509.94
20130712 2.5318500 2.6670600 2.5483700 2.5998000 129885.6
20130713 2.5100000 2.6433000 2.6010100 2.6320100 64048.55
20130714 2.6000000 2.7300000 2.6320000 2.6750000 56774.90
20130715 2.6601000 2.7749900 2.6750000 2.7500000 76536.76
20130716 2.7431000 2.8800000 2.7550000 2.8100000 186154.0
20130717 2.7600000 2.8500000 2.8148000 2.8239400 95556.79
20130718 2.6010000 2.8300000 2.8239400 2.6771000 135594.1
20130719 2.6221000 2.7190000 2.6800000 2.6805100 39166.91
20130720 2.6750200 2.7300000 2.7000000 2.6931000 26949.49
20130721 2.6600000 2.7250000 2.6921000 2.6990000 23864.10
20130722 2.6611000 2.7250000 2.6990000 2.6840000 41450.63
20130723 2.6611000 2.7090000 2.6830000 2.7000000 44003.95
20130724 2.6780000 2.7121100 2.7000000 2.7026400 14593.03
20130725 2.6830000 2.7299000 2.7090000 2.7100000 43875.57
20130726 2.5900000 2.7110000 2.7110000 2.6899800 90350.00
20130727 2.6310200 2.6920000 2.6899800 2.6700000 33393.46
20130728 2.6502000 2.7100000 2.6737800 2.6660100 41353.59
20130729 2.6434000 2.7100000 2.6701000 2.6780000 29978.47
20130730 2.6122000 2.6890000 2.6779900 2.6233100 70097.05
20130731 2.5900000 2.6630000 2.6409100 2.6251700 47780.55
20130801 2.6250000 2.6900000 2.6251900 2.6499900 37212.65
20130802 2.6200000 2.6633300 2.6499900 2.6300200 23178.31
20130803 2.6235000 2.7890000 2.6300200 2.7120000 60474.99
20130804 2.6700000 2.7210000 2.7000000 2.6840000 22168.24
20130805 2.5701100 2.6920000 2.6827500 2.5900100 119393.4
20130806 2.5800000 2.6190000 2.5900100 2.5810000 42972.64
20130807 2.4800000 2.5985000 2.5810000 2.5406500 81775.61
20130808 2.4750000 2.5500000 2.5406500 2.4761000 41170.96
20130809 2.4601300 2.4920000 2.4761000 2.4602500 22050.45
20130810 2.2502000 2.4800000 2.4602500 2.2993400 174700.6
20130811 2.2700000 2.4719700 2.2999800 2.4109000 131311.2
20130812 2.3120000 2.4200000 2.4086000 2.3350000 35917.17
20130813 2.3120000 2.4400000 2.3350000 2.3905000 21069.05
20130814 2.3500200 2.3985000 2.3800000 2.3581700 23255.91
20130815 2.3480000 2.4388000 2.3581700 2.3896800 31982.29
20130816 2.3700000 2.4200000 2.3889600 2.4100000 23437.70
20130817 2.3799300 2.4200000 2.4100000 2.4036800 15671.30
20130818 2.3900000 2.4172700 2.3964000 2.3981100 4917.867
20130819 2.3300000 2.4082700 2.3981100 2.3495700 70190.03
20130820 2.3250000 2.3619100 2.3538600 2.3270000 12284.19
20130821 2.3100000 2.4099500 2.3497300 2.3415100 64498.95
20130822 2.3000000 2.4300000 2.3414300 2.4220000 59313.65
20130823 2.3750800 2.4900000 2.4120000 2.4200000 43928.16
20130824 2.3837300 2.4270000 2.4200000 2.3860100 18179.41
20130825 2.2600000 2.4100000 2.3900700 2.3414400 43758.98
20130826 2.3100100 2.3620000 2.3240000 2.3100100 23193.23
20130827 2.2850000 2.3599900 2.3100100 2.3587900 37163.12
20130828 2.3281900 2.3999000 2.3587800 2.3994900 26134.51
20130829 2.3700000 2.4100000 2.3900000 2.3920000 15739.41
20130830 2.3684700 2.4100000 2.4080000 2.3979900 36357.60
20130831 2.3460000 2.4301600 2.4100000 2.3584800 53990.54
20130901 2.3500000 2.3911300 2.3561200 2.3600000 11582.20
20130902 2.3497900 2.3801700 2.3550000 2.3500400 19879.50
20130903 2.3100000 2.3670000 2.3573800 2.3670000 14841.78
20130904 2.3604700 2.8800000 2.3673600 2.5630200 338406.1
20130905 2.5100000 2.6469900 2.5630200 2.5909900 49581.56
20130906 2.5290000 2.6499900 2.6200000 2.5500000 59827.51
20130907 2.5310000 2.5812200 2.5598100 2.5466600 25369.19
20130908 2.5451000 2.5896400 2.5466600 2.5811000 17705.15
20130909 2.5310000 2.5844100 2.5811000 2.5479700 28481.52
20130910 2.4900000 2.5649100 2.5500000 2.5209600 42001.62
20130911 2.5011000 2.5500000 2.5102200 2.5082000 38765.09
20130912 2.4901300 2.5235300 2.5090000 2.4991500 30864.75
20130913 2.4000000 2.5199900 2.4991500 2.4699800 62630.65
20130914 2.4050000 2.5110000 2.4699800 2.4351000 66274.53
20130915 2.4331000 2.5489900 2.4569900 2.4962300 57726.19
20130916 2.4650000 2.5310000 2.4962200 2.4800000 27850.53
20130917 2.4600200 2.4951900 2.4815000 2.4600200 18501.94
20130918 2.4200000 2.4699800 2.4688100 2.4439300 24172.49
20130919 2.4400000 2.4999900 2.4500000 2.4453100 43491.94
20130920 2.2700100 2.4550000 2.4453200 2.3350000 181059.1
20130921 2.3350000 2.4290000 2.3350000 2.3990000 49393.09
20130922 2.3600000 2.4305000 2.3990000 2.3875300 41396.91
20130923 2.3620000 2.4100000 2.3875300 2.3700000 25268.94
20130924 2.3310000 2.3779700 2.3700000 2.3550000 30224.82
20130925 2.2800000 2.3726000 2.3550000 2.2800000 109192.4
20130926 2.2750100 2.3200000 2.2800000 2.3000000 42044.25
20130927 2.1600000 2.3000000 2.3000000 2.2025600 61187.95
20130928 2.0313200 2.2117900 2.2023000 2.0450000 122285.4
20130929 2.0400000 2.1500000 2.0500000 2.0750500 51079.33
20130930 2.0750000 2.2800000 2.0750500 2.1600000 66795.47
20131001 2.1330000 2.3299900 2.1500000 2.2769900 73348.58
20131002 1.1100000 2.3188900 2.2769900 1.7799900 818517.1
20131003 1.7200000 2.1000000 1.7780000 2.0399800 240110.3
20131004 2.0150000 2.1436900 2.0400000 2.0500000 120511.3
20131005 1.9588000 2.0544000 2.0360000 2.0051200 92690.08
20131006 1.9830000 2.0400000 2.0051000 2.0200000 32507.61
20131007 1.9910000 2.0470000 2.0399000 2.0070000 46123.60
20131008 1.8002500 2.0180000 2.0140000 1.9000000 94571.91
20131009 1.7300000 1.9130000 1.9066700 1.8168900 156923.3
20131010 1.7540300 2.2570000 1.8235700 1.9145300 620699.5
20131011 1.7700000 2.0900000 1.9200000 1.9738900 258233.7
20131012 1.9407000 1.9760000 1.9738800 1.9620000 15720.01
20131013 1.9643500 2.0400000 1.9700000 1.9890200 106151.5
20131014 1.8944000 1.9905900 1.9890200 1.9269300 119613.7
20131015 1.8111000 1.9393100 1.9393100 1.8870100 110141.6
20131016 1.7711000 1.9123500 1.8720100 1.8163200 179822.8
20131017 1.8170700 1.8439500 1.8200100 1.8360200 13128.29
20131018 1.8000000 1.8513600 1.8350800 1.8024000 59632.20
20131019 1.6500000 1.8208500 1.8069000 1.7100100 247052.7
20131020 1.7000000 1.7988000 1.7119000 1.7610100 41680.14
20131021 1.6400100 1.7610100 1.7610100 1.6975600 146315.9
20131022 1.5620200 1.7100000 1.6975600 1.6200000 248405.1
20131023 1.6201000 2.2000000 1.6348800 2.0250000 569808.7
20131024 1.8010000 2.1998000 2.0250000 2.1199000 537379.2
20131025 2.0250000 2.4512000 2.1170000 2.0740000 690877.3
20131026 2.0500000 2.1982000 2.0651200 2.1388000 86756.48
20131027 2.0205600 2.1700000 2.1388000 2.0310200 163169.0
20131028 2.0210000 2.1095700 2.0310200 2.0740000 79922.04
20131029 2.0412000 2.0963500 2.0740000 2.0762200 43789.08
20131030 2.0436000 2.2300000 2.0660000 2.1963100 340288.1
20131031 2.1200000 2.3300000 2.1963100 2.2805200 216848.0
20131101 2.2500000 2.3900000 2.2805900 2.3591000 249197.7
20131102 2.3300000 2.6355000 2.3600000 2.6017400 327756.2
20131103 2.5390000 3.2900000 2.6017400 2.8130000 1319511
20131104 2.6994100 3.0600000 2.8108400 2.9900000 525757.4
20131105 2.8550000 2.9998000 2.9900000 2.9400000 347934.1
20131106 2.9200000 3.3697900 2.9490000 3.2490000 715166.9
20131107 3.1970000 4.3000000 3.2452000 4.1320000 1762456
20131108 4.0951000 4.4600000 4.1400000 4.2810000 671674.5
20131109 3.8000100 4.3000000 4.2829900 4.1180000 684964.0
20131110 2.9500000 4.1400000 4.1180000 3.6300000 1346007
20131111 3.3950000 3.8956700 3.6488800 3.7442600 423644.5
20131112 3.7000000 3.8500000 3.7442600 3.7870000 235248.3
20131113 3.7700000 4.0888000 3.7981000 3.9312000 526659.0
20131114 3.9330000 4.1980000 3.9331000 4.1091000 385927.1
20131115 3.9332200 4.2738600 4.1092900 4.0700000 457796.1
20131116 4.0223000 4.1925000 4.0620000 4.1218000 122774.2
20131117 4.0900000 4.1990000 4.1281000 4.1208000 269003.5
20131118 4.0010000 9.4700000 4.1100100 8.9800000 3277092
20131119 5.6600000 9.999000 8.9800000 7.5000000 1853434
20131120 5.3000000 7.8500000 7.5742700 7.3500000 1885900
20131121 7.0600000 8.8000000 7.3400000 8.6700100 1061995
20131122 8.2000000 9.4504000 8.6700200 9.1990000 768039.6
20131123 8.9900000 9.989900 9.1900000 9.642530 725814.1
20131124 8.5000000 9.800000 9.600000 9.3200000 545361.3
20131125 9.2165900 11.480000 9.3000000 11.470000 811680.8
20131126 10.900000 19.711000 11.470000 19.000000 1454589
20131127 17.000000 36.700000 18.900000 35.500000 1791439
20131128 33.000000 48.479900 35.500000 40.600000 1726687
20131129 26.291000 43.990000 40.510100 33.450000 1102156
20131130 30.000000 39.888000 33.450000 37.690000 514951.8
20131201 23.548000 38.890000 37.600000 31.749500 976137.8
20131202 25.000000 33.620000 31.750000 31.001000 767937.5
20131203 28.580000 36.942700 31.277000 36.389800 689821.8
20131204 35.400000 42.970000 36.370000 41.689000 843704.0
20131205 28.674800 41.700000 41.689000 35.500000 1516288
20131206 28.400100 36.000000 35.410000 30.000100 1173207
20131207 17.613100 31.490000 30.000000 23.150000 2554306
20131208 20.660000 27.400000 23.154600 26.901000 972616.6
20131209 25.710000 32.760000 26.901000 30.650000 1108425
20131210 30.650100 35.800000 30.650100 35.249900 778611.1
20131211 27.500000 36.120000 35.249900 30.260000 1168309
20131212 28.599900 31.950000 30.260000 31.060000 464475.3
20131213 28.880000 31.900000 31.055000 30.331000 472502.9
20131214 29.080000 30.478900 30.331000 29.550000 172632.0
20131215 27.200000 31.330000 29.550000 30.840000 577431.4
20131216 22.600000 31.098000 30.828000 24.000000 1664873
20131217 18.530000 26.300000 24.010000 21.300000 2215019
20131218 9.1200000 21.351000 21.240000 13.009900 5425766
20131219 12.800000 20.000000 12.980000 19.700000 2790774
20131220 16.300000 21.500000 19.700000 16.880000 2368381
20131221 15.400000 18.790000 16.812000 16.220000 1129053
20131222 15.700000 17.900000 16.251700 16.520000 773559.4
20131223 16.250000 17.680000 16.430000 17.240000 549065.7
20131224 16.750000 17.650000 17.240000 17.190000 365274.9
20131225 16.960000 21.340000 17.239000 21.314000 1321126
20131226 21.289900 24.890000 21.300000 24.051800 1984682
20131227 21.050000 24.590000 24.051800 22.550000 1293225
20131228 21.520000 22.850000 22.570000 21.930000 425443.9
20131229 21.700100 23.780000 21.950000 23.200000 381044.9
20131230 22.850000 23.980000 23.153600 23.520000 403533.1
20131231 23.000000 23.790000 23.510000 23.507000 264733.1
20140101 23.320000 23.940000 23.640000 23.719000 256923.1
20140102 23.520000 25.890000 23.700000 24.850000 719843.6
20140103 23.000000 25.300000 24.840000 24.060000 623064.1
20140104 23.288000 24.800000 24.079100 24.100000 326334.8
20140105 23.981000 26.900000 24.001000 26.100000 847930.0
20140106 25.580000 31.600000 26.089000 28.560400 1530803
20140107 21.510000 29.751000 28.602000 21.700000 1544918
20140108 20.111000 25.250000 21.640000 23.930000 1571085
20140109 22.222200 24.580000 23.900000 23.722000 718919.7
20140110 22.840000 24.490100 23.722000 24.178100 317240.8
20140111 24.011000 26.400000 24.222000 26.250000 743372.8
20140112 23.510100 26.550000 26.250000 24.397200 694040.8
20140113 22.780000 24.600000 24.396000 23.798300 566269.2
20140114 23.200000 24.350000 23.798400 23.620100 251359.2
20140115 23.500000 24.965000 23.690000 24.489000 359512.2
20140116 23.717700 24.980000 24.489000 23.800000 227252.1
20140117 22.700200 24.050000 23.799000 23.167800 369588.5
20140118 23.150000 24.499000 23.167800 23.900000 167106.5
20140119 23.460000 24.490000 23.896000 24.410000 214894.5
20140120 23.700000 24.500000 24.410000 24.020000 171865.6
20140121 23.701000 24.250000 24.033000 23.980000 109471.3
20140122 22.535000 24.069000 23.952500 23.121000 288511.7
20140123 22.920000 23.133000 23.030000 23.000000 6124.330
20140124 18.540000 20.800000 19.730000 20.150000 464289.6
20140125 19.650000 22.309000 20.155000 22.230000 338579.9
20140126 22.333800 22.402000 22.402000 22.373400 1.2218920
20140127 18.777800 22.790000 22.350000 19.450000 269453.2
20140128 19.230000 21.890000 19.450000 20.482400 327467.2
20140129 20.301000 21.372300 20.482400 20.936000 170510.4
20140130 20.000000 21.440000 20.930000 21.100000 206171.1
20140131 20.878400 21.450000 21.109000 21.217000 86174.51
20140201 21.188000 22.500000 21.217000 21.732000 130711.9
20140202 21.490000 22.400000 21.732000 21.701000 94081.42
20140203 21.100000 21.900000 21.710000 21.230000 91396.51
20140204 20.810000 21.490000 21.225000 21.139000 85119.25
20140205 20.350000 21.317200 21.139000 20.480000 104053.4
20140206 19.700000 20.525900 20.480000 19.730000 172159.8
20140207 17.789000 19.730000 19.702000 18.600000 379469.9
20140208 17.850000 19.168000 18.500000 18.170000 159767.3
20140209 17.610000 18.690000 18.170000 18.352000 130682.0
20140210 15.380000 18.837000 18.436000 17.570000 224786.2
20140211 16.750000 18.720000 17.820000 17.306300 176938.8
20140212 16.650100 17.420100 17.117300 17.012300 165482.0
20140213 15.891100 16.639000 16.410000 16.500000 32249.83
