20130429 130.10000 135.20000 133.61000 135.13000 4372.696 BTC
20130430 129.01000 135.98000 135.10000 133.82900 8699.522 BTC
20130501 98.011000 133.86000 133.24000 116.09000 16227.54 BTC
20130502 95.130000 125.93000 113.03000 106.79700 24845.18 BTC
20130503 79.740000 108.00000 106.79800 98.590000 28192.56 BTC
20130504 93.010000 116.00000 98.590000 111.49000 20189.12 BTC
20130505 107.00000 118.05300 111.49000 115.43700 8576.695 BTC
20130506 103.68000 120.99000 115.01000 110.99900 14218.72 BTC
20130507 96.990000 111.00000 110.80000 109.95000 15939.31 BTC
20130508 107.26000 113.29000 109.94000 109.24900 7456.127 BTC
20130509 105.99000 109.50000 108.77000 108.07000 3973.817 BTC
20130510 108.00200 115.58000 108.09000 112.98900 8059.435 BTC
20130511 110.00000 113.75000 112.76000 112.19500 2984.374 BTC
20130512 108.60000 113.50000 112.19600 111.27900 3022.945 BTC
20130513 110.86000 113.50000 111.05000 113.20300 3293.719 BTC
20130514 103.33000 114.42000 113.12000 104.15000 6694.599 BTC
20130515 97.010000 110.68900 104.15000 105.00000 11406.72 BTC
20130516 104.80000 109.12000 105.00000 109.00000 4327.285 BTC
20130517 107.00000 114.35000 108.90000 112.08300 7650.754 BTC
20130518 111.71000 114.50000 112.00000 113.63000 2891.004 BTC
20130519 111.00000 114.40000 113.65000 112.16000 3179.108 BTC
20130520 112.00000 114.39000 112.70000 113.69900 2500.803 BTC
20130521 113.00000 116.90000 113.69000 116.87000 3876.683 BTC
20130522 115.15000 117.99000 116.67000 116.70100 4090.804 BTC
20130523 116.60000 121.20000 116.70100 120.69100 2946.776 BTC
20130524 120.13000 129.93700 121.00000 128.20900 6414.473 BTC
20130525 125.40000 128.91600 128.00900 127.44000 3117.096 BTC
20130526 127.03100 130.96000 127.94000 129.60200 2703.479 BTC
20130527 120.00000 131.00800 129.51000 127.15000 3861.947 BTC
20130528 122.01000 127.29900 126.25000 125.20000 3315.183 BTC
20130529 123.94400 129.48100 125.20000 127.66000 2781.840 BTC
20130530 125.57000 129.90000 127.99000 126.50000 3476.843 BTC
20130531 125.30000 127.56800 126.50000 126.34700 1965.556 BTC
20130601 125.51000 127.48000 126.00000 127.47000 1531.484 BTC
20130602 116.00000 127.79600 127.47000 120.80000 6205.515 BTC
20130603 115.00000 121.58200 120.99600 119.67000 4630.431 BTC
20130604 118.22000 123.07000 119.67000 119.70000 3515.197 BTC
20130605 117.90100 121.15600 119.70000 120.49100 2950.948 BTC
20130606 117.90000 120.60000 120.50000 118.28000 2105.362 BTC
20130607 109.50000 119.00000 118.23000 111.79800 7900.614 BTC
20130608 107.01000 112.00000 111.80000 109.37000 4820.705 BTC
20130609 91.140000 109.37000 109.37000 102.50000 15348.67 BTC
20130610 94.880000 107.77000 102.99900 105.12000 6336.589 BTC
20130611 104.51000 109.13000 105.11000 108.00000 3355.257 BTC
20130612 106.98300 110.00000 108.50000 107.89000 3750.252 BTC
20130613 100.80000 109.24000 107.89000 106.00000 4731.046 BTC
20130614 99.400000 106.10000 105.71000 99.99800 5030.821 BTC
20130615 97.680000 102.90000 99.99000 100.51000 2641.148 BTC
20130616 99.410000 101.48000 100.51000 100.20000 1611.552 BTC
20130617 99.402000 103.00000 100.33600 101.36000 2121.051 BTC
20130618 101.39000 109.99900 102.50000 104.90000 6886.337 BTC
20130619 103.50100 107.50000 105.00000 105.22500 3960.129 BTC
20130620 104.22200 108.00000 105.22800 106.42400 4044.418 BTC
20130621 102.83000 107.99700 106.77400 105.63400 5109.908 BTC
20130622 100.51100 105.90000 105.63400 101.70800 4366.036 BTC
20130623 99.490000 102.93200 102.19900 101.15800 3908.771 BTC
20130624 92.198000 101.69900 100.51100 96.226000 6039.049 BTC
20130625 95.998000 102.00000 96.494000 98.000000 4874.862 BTC
20130626 97.000000 98.989000 98.000000 97.999000 1075.046 BTC
20130627 95.135000 98.175000 97.999000 95.200000 2002.846 BTC
20130628 87.050000 95.799000 95.494000 88.989000 6368.747 BTC
20130629 86.800000 91.999000 88.969000 89.596000 3269.418 BTC
20130630 89.000000 91.489000 89.450000 90.207000 2627.340 BTC
20130701 75.566000 91.974000 90.207000 81.008000 11457.37 BTC
20130702 80.245000 86.600000 81.008000 85.400000 5822.769 BTC
20130703 76.000000 86.087000 85.399000 77.448000 8685.152 BTC
20130704 72.450000 82.001000 77.400000 79.522000 12769.34 BTC
20130705 63.320000 79.700000 79.644000 66.389000 15918.65 BTC
20130706 63.503000 72.100000 66.499000 65.501000 7464.448 BTC
20130707 64.120000 75.000000 65.501000 74.000000 4606.924 BTC
20130708 69.000000 77.526000 73.999000 73.099000 8944.526 BTC
20130709 68.350000 73.400000 72.739000 72.248000 6088.398 BTC
20130710 70.329000 81.989000 71.787000 80.190000 8079.104 BTC
20130711 78.222000 84.100000 80.499000 82.500000 6609.122 BTC
20130712 82.495000 95.888000 82.999000 86.999000 14098.00 BTC
20130713 82.301000 90.092000 87.200000 88.990000 5776.986 BTC
20130714 85.740000 90.000000 89.032000 87.899000 2194.814 BTC
20130715 86.400000 92.200000 87.290000 91.300000 4863.695 BTC
20130716 87.000000 91.749000 91.300000 88.550000 3557.795 BTC
20130717 88.010000 90.085000 88.551000 88.999000 3163.362 BTC
20130718 81.000000 89.800000 89.498000 83.468000 6938.076 BTC
20130719 82.002000 85.400000 83.876000 83.800000 2953.463 BTC
20130720 83.500000 85.290000 83.765000 83.950000 1721.885 BTC
20130721 82.500000 84.900000 83.980000 83.797000 1583.502 BTC
20130722 83.000000 84.900000 83.800000 84.400000 1778.816 BTC
20130723 84.000000 87.300000 84.500000 85.980000 3695.103 BTC
20130724 85.786000 87.564000 85.980000 86.869000 2584.334 BTC
20130725 86.118000 88.990000 86.860000 88.890000 3686.318 BTC
20130726 88.220000 89.998000 88.910000 89.496000 3632.222 BTC
20130727 86.403000 89.590000 89.400000 87.600000 2331.831 BTC
20130728 87.500000 90.900000 87.900000 89.500000 3513.132 BTC
20130729 88.600000 92.589000 89.500000 91.200000 4419.124 BTC
20130730 90.761000 95.000000 91.000000 95.000000 4359.158 BTC
20130731 94.010000 99.90000 95.000000 97.000000 7524.604 BTC
20130801 93.500000 97.234000 96.984000 94.750000 3109.729 BTC
20130802 93.211000 96.999000 94.990000 96.000000 4281.646 BTC
20130803 94.030000 96.269000 96.000000 94.743000 1726.164 BTC
20130804 93.500000 95.120000 94.743000 94.359000 1758.420 BTC
20130805 94.043000 96.800000 94.460000 96.460000 2960.023 BTC
20130806 95.900000 98.000000 96.464000 97.320000 2817.530 BTC
20130807 96.010000 98.200000 97.320000 97.460000 2784.630 BTC
20130808 92.420000 97.493000 97.480000 94.383000 6098.342 BTC
20130809 93.160000 95.500000 94.536000 93.821000 1830.478 BTC
20130810 92.000000 94.732000 93.821000 92.941000 2326.956 BTC
20130811 92.500000 95.590000 92.941000 93.135000 2538.262 BTC
20130812 92.392000 94.900000 93.135000 94.843000 2775.709 BTC
20130813 93.700000 95.010000 94.895000 94.980000 2382.237 BTC
20130814 94.500000 98.270000 94.980000 97.605000 5043.952 BTC
20130815 95.941000 98.100000 97.603000 96.298000 2547.068 BTC
20130816 95.000000 96.900000 96.298000 96.788000 1938.086 BTC
20130817 96.003000 97.200000 96.630000 96.961000 1279.676 BTC
20130818 96.500000 97.288000 96.997000 96.852000 1290.940 BTC
20130819 96.720000 100.62400 96.891000 99.100000 4699.541 BTC
20130820 99.000000 103.10100 99.100000 103.10100 2431.288 BTC
20130821 101.13000 109.00000 103.10000 107.12000 5668.106 BTC
20130822 106.00300 109.00000 107.67000 106.91300 3416.100 BTC
20130823 102.13800 107.30000 106.97900 105.25000 3521.027 BTC
20130824 104.10000 107.00000 105.24000 106.35800 1949.824 BTC
20130825 106.05400 110.35000 106.32000 109.30000 3373.489 BTC
20130826 106.20600 110.00000 109.30000 108.39000 2991.507 BTC
20130827 108.28900 116.50000 108.39000 115.36000 5997.454 BTC
20130828 114.01300 116.29900 115.36000 115.20000 3061.466 BTC
20130829 114.79600 116.08000 115.59800 115.97200 1712.806 BTC
20130830 115.51200 121.95000 115.97200 120.72200 5041.483 BTC
20130831 120.00000 126.55500 121.23200 122.90000 5162.412 BTC
20130901 119.00000 126.40200 122.90000 126.40200 2702.101 BTC
20130902 123.05000 126.56600 126.40200 124.77400 3418.256 BTC
20130903 123.50000 125.96000 124.72700 124.99900 2179.547 BTC
20130904 112.10000 124.99900 124.99900 116.49400 8216.855 BTC
20130905 111.61100 119.48700 116.92300 118.04000 4454.862 BTC
20130906 113.00000 119.28900 117.88900 113.00000 4223.288 BTC
20130907 112.12500 119.00000 113.01500 117.03100 3037.873 BTC
20130908 114.40000 118.34500 117.78600 115.44000 2121.487 BTC
20130909 114.50000 121.99900 115.76300 119.92400 4315.984 BTC
20130910 119.31200 121.90900 119.92300 119.99800 2050.976 BTC
20130911 117.00000 124.90000 119.46500 124.00000 6522.901 BTC
20130912 122.56000 124.89800 123.94900 123.39000 3568.335 BTC
20130913 122.00000 125.00000 122.60000 124.75000 2758.892 BTC
20130914 122.51100 125.00000 124.75000 123.14400 3120.841 BTC
20130915 121.00000 124.03000 123.78600 123.60000 2926.253 BTC
20130916 122.40000 125.00000 123.60000 123.99900 3993.128 BTC
20130917 123.15100 125.00000 124.00000 124.50200 3294.777 BTC
20130918 124.42300 126.01000 124.98000 125.09200 3383.462 BTC
20130919 120.00000 125.00000 125.00000 120.75300 4778.465 BTC
20130920 119.50200 123.99900 120.89900 121.11600 4271.193 BTC
20130921 120.80000 122.49500 121.11600 121.10000 1925.170 BTC
20130922 120.50000 122.18900 121.37000 121.69800 1502.087 BTC
20130923 120.00900 122.20000 121.68500 120.88600 2571.713 BTC
20130924 119.50200 121.79400 120.88600 121.73400 3351.598 BTC
20130925 121.00000 123.80000 121.72600 122.55400 3257.803 BTC
20130926 121.01400 123.18900 122.55400 122.74900 2236.259 BTC
20130927 121.59000 123.49900 121.99000 122.73900 2487.793 BTC
20130928 122.06000 123.70000 122.80500 123.60000 1708.734 BTC
20130929 122.90000 124.79000 123.60000 123.05100 2683.695 BTC
20130930 121.20000 123.98000 123.10100 122.99900 2923.574 BTC
20131001 122.71700 124.68800 123.00000 123.74700 3832.021 BTC
20131002 75.200000 124.49200 123.74700 101.14000 16489.85 BTC
20131003 100.00000 116.50000 101.90700 115.20000 7534.416 BTC
20131004 115.22400 120.80000 115.23000 118.83300 4442.154 BTC
20131005 118.22100 120.00000 119.30000 119.32100 1947.471 BTC
20131006 118.22100 119.90000 119.12400 119.61100 1207.696 BTC
20131007 119.01000 123.87900 119.61000 121.20000 3270.412 BTC
20131008 120.58000 122.68700 121.25000 121.98900 3292.324 BTC
20131009 121.41300 123.99900 121.99000 123.86500 3909.621 BTC
20131010 123.00000 125.00000 123.36500 123.64100 5079.116 BTC
20131011 123.16000 125.00000 123.64100 124.19300 3436.900 BTC
20131012 123.71000 124.99000 123.71300 124.58400 1389.898 BTC
20131013 124.48000 128.66300 124.98000 128.66300 3846.286 BTC
20131014 127.83600 133.99900 128.66300 131.57000 7891.011 BTC
20131015 130.80100 137.98900 131.49900 137.97900 5474.463 BTC
20131016 131.80000 144.85000 137.21500 134.45000 9226.665 BTC
20131017 134.20100 141.00000 135.44100 140.68000 6021.954 BTC
20131018 140.10900 147.50000 140.68000 147.49100 7485.167 BTC
20131019 146.00000 160.00000 147.49100 156.80000 12951.09 BTC
20131020 154.50000 159.00000 156.79500 158.77400 2982.751 BTC
20131021 158.52500 173.99900 158.77400 171.36400 9094.977 BTC
20131022 169.90000 186.00000 170.80000 184.60000 11630.88 BTC
20131023 182.84300 199.50000 184.60000 198.55400 15212.90 BTC
20131024 152.49900 204.00000 198.90000 184.00000 44180.35 BTC
20131025 156.00000 184.50000 184.05000 178.86000 34921.69 BTC
20131026 166.40000 179.00000 178.78000 170.96600 28986.60 BTC
20131027 170.42000 187.00000 171.37200 186.99000 12486.96 BTC
20131028 181.20100 192.42900 186.97900 189.00000 8008.860 BTC
20131029 188.10000 198.60000 188.90000 198.00000 6132.400 BTC
20131030 191.01200 198.44200 198.00000 193.29900 11047.09 BTC
20131031 192.20000 198.39000 192.51000 197.90000 5517.723 BTC
20131101 195.55200 199.20000 197.90000 198.98900 3715.426 BTC
20131102 197.80000 201.00000 198.80000 198.85400 3495.377 BTC
20131103 198.00000 209.85000 199.00100 208.90000 9197.392 BTC
20131104 206.00000 225.00000 208.91000 223.77100 13066.95 BTC
20131105 216.00000 244.88000 223.00000 237.18000 24979.72 BTC
20131106 237.18100 253.90000 237.55000 251.00100 18758.33 BTC
20131107 250.32300 292.49900 251.98000 281.81000 35939.81 BTC
20131108 280.01900 315.00000 281.81000 313.11800 18564.38 BTC
20131109 301.10000 349.11400 313.11800 331.29800 26504.50 BTC
20131110 255.00000 338.90000 331.29800 302.00000 49830.21 BTC
20131111 290.00000 329.69800 301.90200 321.32200 17418.69 BTC
20131112 320.40000 345.90000 321.32200 343.89700 16516.41 BTC
20131113 342.35100 400.00000 343.70000 392.43500 21905.25 BTC
20131114 380.58300 411.00000 392.70000 406.01000 21398.42 BTC
20131115 380.00000 425.50000 405.50000 406.99000 22856.81 BTC
20131116 396.50000 428.97000 406.10000 420.48600 12564.21 BTC
20131117 420.49100 487.70000 422.49000 480.60000 21227.57 BTC
20131118 460.00000 679.99900 481.30700 679.45000 59526.34 BTC
20131119 376.00000 770.97000 679.45000 545.15200 63127.81 BTC
20131120 382.49000 567.87000 545.15100 545.00000 62892.50 BTC
20131121 530.00000 684.00000 545.11900 673.54700 32735.56 BTC
20131122 615.03000 722.00000 671.00000 699.00000 25272.58 BTC
20131123 675.00000 774.00000 698.00000 724.20000 25780.68 BTC
20131124 630.00000 743.55800 724.99900 699.00000 22245.95 BTC
20131125 695.20000 750.00000 698.98800 743.99900 17086.73 BTC
20131126 737.00000 894.70000 743.99900 882.65300 27238.91 BTC
20131127 843.00000 950.00000 882.65300 934.00000 24788.07 BTC
20131128 860.00000 1000.000 934.00000 962.03000 39069.90 BTC
20131129 927.00000 1032.000 961.03000 1023.710 28218.13 BTC
20131130 1019.630 1095.200 1019.630 1051.550 13060.66 BTC
20131201 677.00000 1054.000 1051.500 878.17300 53103.21 BTC
20131202 830.00000 989.00500 878.01000 980.00100 26682.28 BTC
20131203 928.10000 1021.000 980.05400 997.50000 14626.00 BTC
20131204 990.30100 1077.230 997.50000 1076.000 12388.50 BTC
20131205 847.99300 1077.230 1072.500 990.40000 52946.79 BTC
20131206 824.00000 996.92900 990.00000 839.00000 43269.72 BTC
20131207 551.00000 874.98800 839.00000 698.00000 98863.33 BTC
20131208 665.10100 798.00000 699.99900 784.02300 34289.21 BTC
20131209 765.40000 900.00000 787.00000 878.50000 36846.21 BTC
20131210 875.00100 967.00000 875.20000 958.50000 23231.28 BTC
20131211 804.50000 971.00000 961.20000 855.50300 26298.75 BTC
20131212 825.00000 889.99800 855.00900 860.00000 11297.28 BTC
20131213 835.00000 908.96000 855.17200 869.00000 16644.61 BTC
20131214 837.00000 874.89900 866.00100 846.92000 6108.205 BTC
20131215 801.10000 869.99900 846.92000 863.64000 12692.83 BTC
20131216 634.00000 869.89000 863.85000 690.00000 61798.42 BTC
20131217 610.00000 748.90000 689.00100 660.10000 50533.00 BTC
20131218 420.00100 661.77600 659.65400 502.69800 129306.7 BTC
20131219 483.78000 694.00000 502.69800 681.00000 47767.77 BTC
20131220 585.00000 709.89900 680.00000 609.00000 35036.85 BTC
20131221 562.20000 642.90000 609.69800 591.16900 22631.01 BTC
20131222 572.10000 657.50000 591.16900 604.20100 19945.57 BTC
20131223 591.00000 669.97000 611.90900 650.22000 15689.61 BTC
20131224 629.00000 668.60000 650.22000 650.33000 11121.20 BTC
20131225 640.00000 675.00000 650.00200 674.96000 9714.518 BTC
20131226 674.89000 758.00000 674.91000 743.30100 24654.01 BTC
20131227 681.00000 761.00000 743.30100 715.01000 24497.45 BTC
20131228 691.59900 736.45100 715.01000 711.82600 10754.72 BTC
20131229 695.00000 732.34000 711.82600 720.01600 6985.543 BTC
20131230 716.64000 738.00000 724.64700 728.99800 7451.590 BTC
20131231 710.00000 734.99000 725.00100 730.50000 6006.808 BTC
20140101 728.00000 749.80000 730.50000 744.00000 6505.642 BTC
20140102 736.86100 799.89000 744.15700 782.00000 13773.88 BTC
20140103 764.83400 819.00000 782.00100 800.99600 15294.89 BTC
20140104 780.65000 829.00000 800.00000 823.49900 11662.87 BTC
20140105 823.50000 919.98900 823.50000 904.00000 20993.23 BTC
20140106 888.00200 990.00000 903.29700 925.00000 28029.00 BTC
20140107 755.32000 944.00200 925.00000 757.11000 32539.87 BTC
20140108 720.00000 850.00000 757.11000 821.17500 30500.24 BTC
20140109 777.77700 844.90000 821.17500 821.70000 19764.69 BTC
20140110 794.24700 849.06400 821.51000 841.00300 12559.01 BTC
20140111 836.00000 894.00000 842.00000 890.38000 15528.08 BTC
20140112 815.00000 899.00000 890.38000 835.49000 17049.28 BTC
20140113 788.70000 841.43400 835.25000 824.82800 16077.57 BTC
20140114 805.80000 840.50000 824.99800 819.47000 8014.586 BTC
20140115 813.00000 848.60300 818.75800 837.99800 9798.530 BTC
20140116 813.10000 846.24800 837.99800 813.37500 7223.987 BTC
20140117 783.00000 825.00000 813.10000 795.00000 12851.66 BTC
20140118 792.33100 839.00000 792.33100 817.49800 7106.946 BTC
20140119 803.73800 839.00000 816.89000 839.00000 8159.381 BTC
20140120 810.00000 841.62700 838.85000 829.00000 10419.77 BTC
20140121 819.94100 836.98900 831.06000 831.55000 5452.489 BTC
20140122 815.00000 835.00000 832.00000 821.56300 6730.121 BTC
20140123 817.19000 824.99900 821.00000 824.67900 313.69406 BTC
20140124 753.05700 797.00000 773.08300 774.98000 7957.901 BTC
20140125 768.75000 818.00000 774.98000 817.00000 8319.210 BTC
20140127 727.11500 830.00000 815.00000 748.90000 8470.789 BTC
20140128 733.34700 803.00000 746.50100 774.90000 8891.992 BTC
20140129 771.00000 797.88800 773.01100 790.09200 5026.355 BTC
20140130 760.22000 808.82100 790.00000 795.00000 6300.104 BTC
20140131 784.99900 802.20000 795.00000 797.00000 3751.466 BTC
20140201 792.11200 817.70000 797.40000 800.00000 4653.400 BTC
20140202 791.05000 816.00000 800.00000 799.90000 4124.905 BTC
20140203 782.00300 809.79900 796.00000 798.90000 4918.495 BTC
20140204 792.23300 810.00000 798.90000 800.53400 3968.524 BTC
20140205 783.27700 804.90000 801.00000 784.75000 2898.894 BTC
20140206 760.00000 789.00000 784.58700 764.85700 5494.730 BTC
20140207 678.80000 765.95000 765.95000 718.63000 10338.47 BTC
20140208 690.07400 728.90000 704.52000 691.00000 5058.282 BTC
20140209 675.00100 718.00000 693.93000 697.50000 4137.621 BTC
20140210 561.27600 719.80000 697.50000 667.00000 6644.267 BTC
20140211 630.00000 709.03000 674.12500 664.65600 7375.003 BTC
20140212 632.00000 668.00000 661.00200 652.49500 5251.946 BTC
20140213 623.60000 644.89700 642.10000 635.89200 994.05812 BTC
