20120713 5.882000 3.090275
20120714 5.882000 3.646028
20120715 5.882000 3.668258
20120716 6.170000 4.710049
20120717 6.170000 5.345823
20120718 6.170000 4.296795
20120719 6.688000 3.794506
20120720 6.688000 4.869816
20120721 6.688000 3.990017
20120722 7.146000 3.554930
20120723 7.146000 3.692165
20120724 7.146000 3.600675
20120725 8.367000 2.638113
20120726 8.367000 3.028808
20120727 8.367000 3.497641
20120728 8.367000 3.106947
20120729 8.879000 3.286638
20120730 8.879000 3.618723
20120731 8.879000 3.912519
20120802 10.431000 2.835292
20120803 10.431000 2.553243
20120804 10.579000 2.189913
20120805 10.579000 2.069401
20120806 10.579000 2.110190
20120807 10.579000 2.904327
20120808 8.833000 3.085870
20120809 8.833000 2.989649
20120810 8.833000 2.845317
20120811 8.833000 3.003712
20120812 8.909000 3.016029
20120813 8.909000 2.583056
20120814 8.909000 2.577185
20120815 9.083000 1.504059
20120816 9.083000 2.511050
20120817 9.083000 2.583030
20120818 9.083000 2.575832
20120819 8.491000 2.164416
20120820 8.491000 2.068939
20120821 8.491000 2.202915
20120822 8.491000 2.333811
20120823 8.144000 2.450478
20120824 8.144000 2.411142
20120825 8.144000 2.451281
20120826 8.809000 2.139042
20120827 8.809000 2.107871
20120828 8.809000 2.087089
20120829 8.568000 2.328539
20120830 8.568000 2.137775
20120831 8.568000 2.251471
20120901 8.568000 2.115646
20120902 8.970000 1.953637
20120903 8.970000 2.006115
20120904 8.970000 1.955095
20120905 8.868000 2.147504
20120906 8.868000 2.053874
20120907 8.868000 2.093685
20120908 8.868000 2.074516
20120909 9.404000 1.946134
20120910 9.404000 1.914849
20120911 9.404000 1.848803
20120912 9.117000 1.896331
20120913 9.117000 1.286788
20120914 9.117000 1.595145
20120915 9.117000 1.775139
20120916 8.541000 2.093479
20120917 8.541000 2.039896
20120918 8.541000 2.124098
20120919 8.840000 2.113944
20120920 8.840000 2.158319
20120921 8.840000 2.110986
20120922 8.840000 2.130954
20120923 9.764000 2.012281
20120924 9.764000 1.906486
20120925 9.764000 2.018308
20120926 11.064000 1.853209
20120927 11.064000 1.742117
20120928 11.064000 1.859118
20120929 11.092000 1.917242
20120930 11.092000 1.993867
20121001 11.092000 2.029232
20121002 11.656000 2.565418
20121003 11.656000 2.341056
20121004 11.656000 2.419583
20121005 13.220000 1.969452
20121006 13.220000 1.855706
20121007 13.220000 1.979343
20121008 13.220000 2.152928
20121009 13.580000 2.816057
20121010 13.580000 2.974449
20121011 13.580000 3.472734
20121012 16.019000 2.820141
20121013 16.019000 2.456902
20121014 22.667000 1.784349
20121015 22.667000 1.795598
20121016 22.667000 1.750026
20121017 22.667000 1.764447
20121018 21.860000 1.819939
20121019 21.860000 1.463436
20121020 21.860000 1.682362
20121021 21.860000 1.682362
20121022 18.295000 2.173228
20121023 18.295000 2.272931
20121024 18.295000 2.198957
20121025 23.039000 1.289433
20121026 23.039000 1.282338
20121027 23.039000 1.356687
20121028 23.039000 1.392159
20121029 19.648000 1.782145
20121030 19.648000 1.824737
20121031 19.648000 1.832390
20121101 22.361000 1.509793
20121102 22.361000 1.451317
20121103 22.361000 1.460089
20121104 25.443000 1.050383
20121105 25.443000 1.066058
20121106 25.443000 1.101519
20121107 25.443000 1.083532
20121108 22.803000 1.298729
20121109 22.803000 1.275792
20121110 22.803000 1.221317
20121111 22.803000 1.194653
20121112 18.483000 1.502745
20121113 18.483000 1.618766
20121114 18.483000 1.601787
20121115 21.234000 1.173620
20121116 21.234000 1.075093
20121117 21.234000 1.031371
20121118 21.234000 1.108961
20121119 21.234000 1.001197
20121120 18.339000 1.224217
20121121 18.339000 1.389277
20121122 18.339000 1.372521
20121123 17.071000 1.532360
20121124 17.071000 1.593637
20121125 17.071000 1.546147
20121126 19.779000 1.217657
20121127 19.779000 1.265917
20121128 19.779000 1.465237
20121129 24.890000 1.258291
20121130 24.890000 1.364410
20121201 44.040000 0.409895
20121202 44.040000 0.375750
20121203 44.040000 0.308946
20121204 44.040000 0.356748
20121205 44.040000 0.303157
20121206 44.040000 0.389111
20121207 26.472000 1.143682
20121208 26.472000 1.104166
20121209 42.277000 0.411636
20121210 42.277000 0.406223
20121211 42.277000 0.415811
20121212 42.277000 0.434523
20121213 42.277000 0.413337
20121214 42.277000 0.406996
20121215 25.581000 1.185824
20121216 25.581000 1.188124
20121217 43.098000 0.362159
20121218 43.098000 0.360187
20121219 43.098000 0.337887
20121220 43.098000 0.365800
20121221 43.098000 0.371109
20121222 28.208000 0.984661
20121223 28.208000 0.968437
20121224 28.208000 0.982575
20121225 40.010000 0.458228
20121226 40.010000 0.430449
20121227 40.010000 0.422932
20121228 40.010000 0.409533
20121229 30.545000 0.798887
20121230 30.545000 0.729323
20121231 30.545000 0.727825
20130101 34.322000 0.542931
20130102 34.322000 0.535312
20130103 34.322000 0.537217
20130104 34.322000 0.531693
20130105 34.322000 0.615507
20130106 26.112000 1.026011
20130107 26.112000 1.025260
20130108 26.112000 0.992710
20130109 29.161000 0.805045
20130110 29.161000 0.769397
20130111 29.161000 0.741596
20130112 29.161000 0.738906
20130113 23.803000 0.938638
20130114 23.803000 0.894142
20130115 23.803000 0.930398
20130116 27.680000 0.660159
20130117 27.680000 0.676220
20130118 27.680000 0.655199
20130119 27.680000 0.593552
20130120 27.680000 0.525292
20130121 19.804000 1.035190
20130122 19.804000 0.999206
20130123 19.804000 1.197283
20130124 19.804000 1.255386
20130125 20.519000 1.239206
20130126 20.519000 1.239206
20130127 20.519000 1.272024
20130128 20.314000 1.219876
20130129 20.314000 1.275876
20130130 20.314000 1.285532
20130131 20.314000 1.475418
20130201 18.937000 1.618434
20130202 18.937000 1.519694
20130203 18.937000 1.580112
20130204 20.543000 1.434141
20130205 20.543000 1.454509
20130206 20.543000 1.459601
20130207 20.543000 1.538846
20130208 20.532000 1.651866
20130209 20.532000 1.747712
20130210 20.532000 1.750577
20130211 20.794000 1.753026
20130212 20.794000 1.473199
20130213 20.794000 1.533252
20130214 20.794000 1.589217
20130215 20.794000 1.595820
20130216 15.973000 2.268995
20130217 15.973000 2.260809
20130218 15.973000 2.230520
20130219 18.676000 1.736248
20130220 18.676000 1.512204
20130221 18.676000 1.548261
20130222 18.676000 1.562264
20130223 16.503000 1.953336
20130224 16.503000 1.910154
20130225 16.503000 1.831317
20130226 15.819000 1.922775
20130227 15.819000 1.944267
20130228 15.819000 2.149673
20130301 15.819000 2.341441
20130302 17.603000 2.126690
20130303 17.603000 3.091978
20130304 25.273000 2.582637
20130305 25.273000 3.934036
20130306 35.225000 2.651483
20130307 35.225000 3.004872
20130308 35.225000 3.097303
20130309 35.225000 3.365129
20130310 38.893000 4.790141
20130311 38.893000 6.479034
20130312 54.192000 7.029730
20130313 54.192000 7.175949
20130314 84.225000 4.088917
20130315 84.225000 4.175701
20130316 84.225000 3.779741
20130317 96.153000 2.985939
20130318 96.153000 2.737147
20130319 96.153000 2.633795
20130320 96.153000 2.804190
20130321 96.153000 2.112073
20130322 68.595000 3.846430
20130323 68.595000 3.994258
20130324 68.595000 4.823372
20130325 78.310000 3.708227
20130326 78.310000 3.900331
20130327 78.310000 3.803986
20130328 96.197000 3.821518
20130329 96.197000 3.875889
20130330 96.197000 4.548999
20130331 96.197000 4.834174
20130401 100.545000 10.969493
20130402 100.545000 19.589005
20130403 153.170000 17.882719
20130404 153.170000 16.273111
20130405 153.170000 14.395449
20130406 205.779000 8.731353
20130407 205.779000 11.231793
20130408 205.779000 12.793388
20130409 234.452000 12.696733
20130410 234.452000 8.179176
20130411 293.364000 2.759060
20130412 293.364000 4.548619
20130413 293.364000 4.013980
20130414 293.364000 4.214330
20130415 323.279000 3.982896
20130416 323.279000 2.999823
20130417 323.279000 3.467394
20130418 364.365000 3.375748
20130419 364.365000 3.776349
20130420 364.365000 3.835095
20130421 374.951000 3.559159
20130422 374.951000 3.716089
20130423 374.951000 4.116922
20130424 404.826000 4.266212
20130425 404.826000 5.320798
20130426 404.826000 5.461302
20130427 404.826000 5.742471
20130428 437.944000 5.268500
20130429 437.944000 5.307284
20130430 437.944000 5.342994
20130501 482.519000 4.318860
20130502 482.519000 3.820375
20130503 482.519000 3.290590
20130504 482.519000 3.861023
20130505 396.558000 5.073343
20130506 396.558000 4.701571
20130507 396.558000 4.601003
20130508 469.805000 3.778419
20130509 469.805000 3.749056
20130510 469.805000 3.799307
20130511 596.896000 2.768532
20130512 596.896000 2.694161
20130513 596.896000 2.640742
20130514 605.526000 2.039512
20130515 605.526000 2.124592
20130516 605.526000 2.076654
20130517 605.526000 2.313756
20130518 593.055000 2.573357
20130519 593.055000 2.563446
20130520 593.055000 2.463127
20130521 558.130000 2.641629
20130522 558.130000 2.640961
20130523 558.130000 2.720030
20130524 558.130000 2.762821
20130525 595.662000 2.502627
20130526 595.662000 2.641065
20130527 595.662000 2.517982
20130528 602.347000 2.467059
20130529 602.347000 2.445351
20130530 602.347000 2.369471
20130531 602.347000 2.315103
20130601 623.179000 2.129159
20130602 623.179000 2.014595
20130603 623.179000 2.021079
20130604 604.611000 2.241283
20130605 604.611000 2.262218
20130606 604.611000 2.198559
20130607 604.611000 2.043917
20130608 638.542000 1.862080
20130609 638.542000 1.701024
20130610 638.542000 1.705243
20130611 650.544000 1.610954
20130612 650.544000 1.597196
20130613 650.544000 1.525480
20130614 713.062000 1.166018
20130615 713.062000 1.126262
20130616 713.062000 1.171280
20130617 713.062000 1.262968
20130618 633.779000 1.505563
20130619 633.779000 1.521036
20130620 633.779000 1.488892
20130621 746.375000 1.635146
20130622 746.375000 1.582606
20130623 746.375000 1.757779
20130624 769.726000 1.478032
20130625 769.726000 1.440660
20130626 769.726000 1.510309
20130627 769.726000 1.604904
20130628 808.561000 1.279279
20130629 808.561000 1.318325
20130630 808.561000 1.433459
20130701 841.480000 1.309421
20130702 841.480000 1.292320
20130703 841.480000 1.252673
20130704 909.315000 1.139835
20130705 909.315000 0.907860
20130706 909.315000 0.905416
20130707 909.315000 1.059308
20130708 874.086000 1.060870
20130709 874.086000 1.047070
20130710 874.086000 1.128112
20130711 923.159000 0.998848
20130712 923.159000 1.058288
