20111013 0.000000 -nan
20111013 0.000000 -nan
20111013 0.000000 -nan
20111013 0.000000 -nan
20111013 0.000000 -nan
20111013 0.000000 -nan
20111013 0.000000 -nan
20111013 0.000000 -nan
20111013 0.000000 -nan
20111013 0.000000 -nan
20111013 0.000000 -nan
20111013 0.000000 -nan
20111013 0.000000 -nan
20111013 0.000000 -nan
20111013 0.000000 -nan
20111013 0.000000 -nan
20111013 0.000000 -nan
20111013 0.000000 -nan
20111013 0.000000 -nan
20111013 0.000000 -nan
20111013 0.000000 -nan
20111013 0.000000 -nan
20111013 0.000000 -nan
20111013 0.000000 -nan
20111013 0.000000 -nan
20111013 0.000000 -nan
20111013 0.000000 -nan
20111013 0.000000 -nan
20111013 0.000000 -nan
20111013 0.000000 -nan
20111013 0.000000 -nan
20111013 0.000000 -nan
20111013 0.000000 -nan
20111013 0.000000 -nan
20111013 0.000000 -nan
20111013 0.000000 -nan
20111013 0.000000 -nan
20111013 0.000000 -nan
20111013 0.000000 -nan
20111013 0.000000 -nan
20111013 0.000000 -nan
20111013 0.000004 0.000009
20111013 0.000004 0.000009
20111013 0.000004 0.000009
20111013 0.000004 0.000009
20111013 0.000004 0.000009
20111013 0.000004 0.000009
20111013 0.000004 0.000009
20111013 0.000004 0.000009
20111013 0.000004 0.000009
20111013 0.000004 0.000009
20111013 0.000004 0.000009
20111013 0.000004 0.000009
20111013 0.000004 0.000009
20111013 0.000004 0.000009
20111013 0.000018 0.000043
20111013 0.000018 0.000043
20111013 0.000018 0.000043
20111013 0.000018 0.000043
20111013 0.000018 0.000043
20111013 0.000018 0.000043
20111013 0.000018 0.000043
20111013 0.000018 0.000043
20111013 0.000018 0.000043
20111013 0.000018 0.000043
20111013 0.000018 0.000043
20111013 0.000018 0.000043
20111014 0.000018 0.000043
20111014 0.000018 0.000043
20111014 0.000076 0.000180
20111014 0.000076 0.000180
20111014 0.000076 0.000180
20111014 0.000076 0.000180
20111014 0.000076 0.000180
20111014 0.000076 0.000180
20111015 0.000076 0.000180
20111015 0.000076 0.000180
20111015 0.000076 0.000180
20111015 0.000076 0.000180
20111015 0.000076 0.000180
20111016 0.000076 0.000180
20111016 0.000076 0.000180
20111016 0.000076 0.000180
20111016 0.000110 0.000261
20111016 0.000110 0.000261
20111016 0.000110 0.000261
20111017 0.000110 0.000261
20111017 0.000110 0.000261
20111017 0.000110 0.000261
20111017 0.000110 0.000261
20111017 0.000110 0.000261
20111017 0.000110 0.000261
20111018 0.000110 0.000261
20111018 0.000110 0.000261
20111018 0.000110 0.000261
20111018 0.000110 0.000261
20111018 0.000110 0.000261
20111019 0.000154 0.000365
20111019 0.000154 0.000365
20111019 0.000154 0.000365
20111019 0.000154 0.000365
20111019 0.000154 0.000365
20111020 0.000154 0.000365
20111020 0.000154 0.000365
20111020 0.000154 0.000365
20111020 0.000154 0.000365
20111020 0.000154 0.000365
20111021 0.000154 0.000365
20111021 0.000154 0.000365
20111021 0.000154 0.000365
20111021 0.000154 0.000365
20111021 0.000206 0.000487
20111021 0.000206 0.000487
20111022 0.000206 0.000487
20111022 0.000206 0.000487
20111022 0.000206 0.000487
20111022 0.000206 0.000487
20111022 0.000206 0.000487
20111023 0.000206 0.000487
20111023 0.000206 0.000487
20111023 0.000206 0.000487
20111023 0.000206 0.000487
20111023 0.000206 0.000487
20111023 0.000206 0.000487
20111024 0.000206 0.000487
20111024 0.000269 0.000638
20111024 0.000269 0.000638
20111024 0.000269 0.000638
20111025 0.000269 0.000638
20111025 0.000269 0.000638
20111025 0.000269 0.000638
20111026 0.000269 0.000638
20111026 0.000269 0.000638
20111026 0.000269 0.000638
20111026 0.000269 0.000638
20111027 0.000269 0.000638
20111027 0.000269 0.000638
20111027 0.000269 0.000638
20111028 0.000269 0.000638
20111028 0.000229 0.000542
20111028 0.000229 0.000542
20111029 0.000229 0.000542
20111029 0.000229 0.000542
20111029 0.000229 0.000542
20111029 0.000229 0.000542
20111029 0.000229 0.000542
20111030 0.000229 0.000542
20111030 0.000229 0.000542
20111030 0.000229 0.000542
20111030 0.000229 0.000542
20111030 0.000229 0.000542
20111031 0.000229 0.000542
20111031 0.000229 0.000542
20111031 0.000247 0.000586
20111031 0.000247 0.000586
20111101 0.000247 0.000586
20111101 0.000247 0.000586
20111101 0.000247 0.000586
20111101 0.000247 0.000586
20111101 0.000247 0.000586
20111101 0.000247 0.000586
20111102 0.000247 0.000586
20111102 0.000247 0.000586
20111102 0.000247 0.000586
20111102 0.000247 0.000586
20111102 0.000247 0.000586
20111102 0.000247 0.000586
20111102 0.000465 0.001102
20111102 0.000465 0.001102
20111102 0.000465 0.001102
20111103 0.000465 0.001102
20111103 0.000465 0.001102
20111103 0.000465 0.001102
20111103 0.000465 0.001102
20111103 0.000465 0.001102
20111103 0.000465 0.001102
20111104 0.000465 0.001102
20111104 0.000465 0.001102
20111104 0.000465 0.001102
20111104 0.000465 0.001102
20111104 0.000465 0.001102
20111104 0.000756 0.001792
20111104 0.000756 0.001792
20111105 0.000756 0.001792
20111105 0.000756 0.001792
20111105 0.000756 0.001792
20111105 0.000756 0.001792
20111106 0.000756 0.001792
20111106 0.000756 0.001792
20111106 0.000756 0.001792
20111106 0.000756 0.001792
20111107 0.000756 0.001792
20111107 0.000756 0.001792
20111107 0.000756 0.001792
20111107 0.000756 0.001792
20111108 0.000786 0.001862
20111108 0.000786 0.001862
20111108 0.000786 0.001862
20111108 0.000786 0.001862
20111109 0.000786 0.001862
20111109 0.000786 0.001862
20111109 0.000786 0.001862
20111109 0.000786 0.001862
20111110 0.000786 0.001862
20111110 0.000786 0.001862
20111110 0.000786 0.001862
20111111 0.000786 0.001862
20111111 0.000786 0.001862
20111111 0.000786 0.001862
20111111 0.000735 0.001743
20111112 0.000735 0.001743
20111112 0.000735 0.001743
20111112 0.000735 0.001743
20111112 0.000735 0.001743
20111113 0.000735 0.001743
20111113 0.000735 0.001743
20111113 0.000735 0.001743
20111113 0.000735 0.001743
20111114 0.000735 0.001743
20111114 0.000735 0.001743
20111114 0.000735 0.001743
20111114 0.000735 0.001743
20111115 0.000735 0.001743
20111115 0.000742 0.001757
20111115 0.000742 0.001757
20111115 0.000742 0.001757
20111116 0.000742 0.001757
20111116 0.000742 0.001757
20111116 0.000742 0.001757
20111116 0.000742 0.001757
20111117 0.000742 0.001757
20111117 0.000742 0.001757
20111117 0.000742 0.001757
20111117 0.000742 0.001757
20111117 0.000742 0.001757
20111118 0.000742 0.001757
20111118 0.000742 0.001757
20111118 0.000779 0.001847
20111118 0.000779 0.001847
20111119 0.000779 0.001847
20111119 0.000779 0.001847
20111119 0.000779 0.001847
20111119 0.000779 0.001847
20111120 0.000779 0.001847
20111120 0.000779 0.001847
20111120 0.000779 0.001847
20111120 0.000779 0.001847
20111120 0.000779 0.001847
20111121 0.000779 0.001847
20111121 0.000779 0.001847
20111121 0.000779 0.001847
20111121 0.000817 0.001937
20111122 0.000817 0.001937
20111122 0.000817 0.001937
20111122 0.000817 0.001937
20111122 0.000817 0.001937
20111123 0.000817 0.001937
20111123 0.000817 0.001937
20111123 0.000817 0.001937
20111123 0.000817 0.001937
20111124 0.000817 0.001937
20111124 0.000817 0.001937
20111124 0.000817 0.001937
20111125 0.000817 0.001937
20111125 0.000817 0.001937
20111125 0.000783 0.001856
20111125 0.000783 0.001856
20111126 0.000783 0.001856
20111126 0.000783 0.001856
20111126 0.000783 0.001856
20111126 0.000783 0.001856
20111127 0.000783 0.001856
20111127 0.000783 0.001856
20111127 0.000783 0.001856
20111127 0.000783 0.001856
20111128 0.000783 0.001856
20111128 0.000783 0.001856
20111128 0.000783 0.001856
20111128 0.000783 0.001856
20111128 0.000815 0.001931
20111129 0.000815 0.001931
20111129 0.000815 0.001931
20111129 0.000815 0.001931
20111129 0.000815 0.001931
20111130 0.000815 0.001931
20111130 0.000815 0.001931
20111130 0.000815 0.001931
20111130 0.000815 0.001931
20111130 0.000815 0.001931
20111201 0.000815 0.001931
20111201 0.000815 0.001931
20111201 0.000815 0.001931
20111201 0.000815 0.001931
20111202 0.000937 0.002221
20111202 0.000937 0.002221
20111202 0.000937 0.002221
20111202 0.000937 0.002221
20111202 0.000937 0.002221
20111202 0.000937 0.002221
20111203 0.000937 0.002221
20111203 0.000937 0.002221
20111203 0.000937 0.002221
20111203 0.000937 0.002221
20111203 0.000937 0.002221
20111204 0.000937 0.002221
20111204 0.000937 0.002221
20111204 0.000937 0.002221
20111204 0.001207 0.002859
20111205 0.001207 0.002859
20111205 0.001207 0.002859
20111205 0.001207 0.002859
20111205 0.001207 0.002859
20111206 0.001207 0.002859
20111206 0.001207 0.002859
20111206 0.001207 0.002859
20111206 0.001207 0.002859
20111207 0.001207 0.002859
20111207 0.001207 0.002859
20111207 0.001207 0.002859
20111207 0.001207 0.002859
20111208 0.001207 0.002859
20111208 0.001171 0.002775
20111208 0.001171 0.002775
20111208 0.001171 0.002775
20111209 0.001171 0.002775
20111209 0.001171 0.002775
20111209 0.001171 0.002775
20111210 0.001171 0.002775
20111210 0.001171 0.002775
20111210 0.001171 0.002775
20111210 0.001171 0.002775
20111211 0.001171 0.002775
20111211 0.001171 0.002775
20111211 0.001171 0.002775
20111211 0.001171 0.002775
20111211 0.001120 0.002653
20111212 0.001120 0.002653
20111212 0.001120 0.002653
20111212 0.001120 0.002653
20111212 0.001120 0.002653
20111213 0.001120 0.002653
20111213 0.001120 0.002653
20111214 0.001120 0.002653
20111214 0.001120 0.002653
20111214 0.001120 0.002653
20111215 0.001120 0.002653
20111215 0.001120 0.002653
20111215 0.001120 0.002653
20111216 0.001120 0.002653
20111216 0.000882 0.002091
20111216 0.000882 0.002091
20111216 0.000882 0.002091
20111217 0.000882 0.002091
20111217 0.000882 0.002091
20111217 0.000882 0.002091
20111217 0.000882 0.002091
20111218 0.000882 0.002091
20111218 0.000882 0.002091
20111218 0.000882 0.002091
20111218 0.000882 0.002091
20111218 0.000882 0.002091
20111219 0.000882 0.002091
20111219 0.000882 0.002091
20111219 0.000947 0.002244
20111219 0.000947 0.002244
20111220 0.000947 0.002244
20111220 0.000947 0.002244
20111220 0.000947 0.002244
20111221 0.000947 0.002244
20111221 0.000947 0.002244
20111221 0.000947 0.002244
20111221 0.000947 0.002244
20111221 0.000947 0.002244
20111222 0.000947 0.002244
20111222 0.000947 0.002244
20111222 0.000947 0.002244
20111222 0.000947 0.002244
20111222 0.001061 0.002514
20111223 0.001061 0.002514
20111223 0.001061 0.002514
20111223 0.001061 0.002514
20111224 0.001061 0.002514
20111224 0.001061 0.002514
20111225 0.001061 0.002514
20111225 0.001061 0.002514
20111226 0.001061 0.002514
20111226 0.001061 0.002514
20111227 0.001061 0.002514
20111227 0.001061 0.002514
20111228 0.001061 0.002514
20111228 0.001061 0.002514
20111228 0.000613 0.001453
20111229 0.000613 0.001453
20111229 0.000613 0.001453
20111229 0.000613 0.001453
20111229 0.000613 0.001453
20111229 0.000613 0.001453
20111229 0.000613 0.001453
20111229 0.000613 0.001453
20111229 0.000613 0.001453
20111229 0.000613 0.001453
20111230 0.000613 0.001453
20111230 0.000613 0.001453
20111230 0.000613 0.001453
20111230 0.000613 0.001453
20111230 0.001303 0.003088
20111230 0.001303 0.003088
20111230 0.001303 0.003088
20111231 0.001303 0.003088
20111231 0.001303 0.003088
20111231 0.001303 0.003088
20111231 0.001303 0.003088
20120101 0.001303 0.003088
20120101 0.001303 0.003088
20120101 0.001303 0.003088
20120102 0.001303 0.003088
20120102 0.001303 0.003088
20120102 0.001303 0.003088
20120102 0.001303 0.003088
20120102 0.001348 0.003196
20120103 0.001348 0.003196
20120103 0.001348 0.003196
20120103 0.001348 0.003196
20120103 0.001348 0.003196
20120104 0.001348 0.003196
20120104 0.001348 0.003196
20120104 0.001348 0.003196
20120104 0.001348 0.003196
20120104 0.001348 0.003196
20120105 0.001348 0.003196
20120105 0.001348 0.003196
20120105 0.001348 0.003196
20120105 0.001348 0.003196
20120106 0.001482 0.003512
20120106 0.001482 0.003512
20120106 0.001482 0.003512
20120106 0.001482 0.003512
20120107 0.001482 0.003512
20120107 0.001482 0.003512
20120107 0.001482 0.003512
20120108 0.001482 0.003512
20120108 0.001482 0.003512
20120109 0.001482 0.003512
20120110 0.001482 0.003512
20120111 0.001482 0.003512
20120111 0.001482 0.003512
20120112 0.001482 0.003512
20120112 0.000795 0.001885
20120112 0.000795 0.001885
20120112 0.000795 0.001885
20120113 0.000795 0.001885
20120113 0.000795 0.001885
20120113 0.000795 0.001885
20120113 0.000795 0.001885
20120113 0.000795 0.001885
20120113 0.000795 0.001885
20120113 0.000795 0.001885
20120114 0.000795 0.001885
20120114 0.000795 0.001885
20120114 0.000795 0.001885
20120114 0.000795 0.001885
20120114 0.001400 0.003317
20120114 0.001400 0.003317
20120115 0.001400 0.003317
20120115 0.001400 0.003317
20120116 0.001400 0.003317
20120116 0.001400 0.003317
20120116 0.001400 0.003317
20120117 0.001400 0.003317
20120118 0.001400 0.003317
20120118 0.001400 0.003317
20120119 0.001400 0.003317
20120120 0.001400 0.003317
20120120 0.001400 0.003317
20120121 0.001400 0.003317
20120122 0.000641 0.001520
20120122 0.000641 0.001520
20120122 0.000641 0.001520
20120123 0.000641 0.001520
20120123 0.000641 0.001520
20120123 0.000641 0.001520
20120123 0.000641 0.001520
20120124 0.000641 0.001520
20120124 0.000641 0.001520
20120124 0.000641 0.001520
20120125 0.000641 0.001520
20120125 0.000641 0.001520
20120125 0.000641 0.001520
20120125 0.000641 0.001520
20120126 0.000573 0.001357
20120126 0.000573 0.001357
20120126 0.000573 0.001357
20120126 0.000573 0.001357
20120127 0.000573 0.001357
20120127 0.000573 0.001357
20120127 0.000573 0.001357
20120127 0.000573 0.001357
20120127 0.000573 0.001357
20120128 0.000573 0.001357
20120128 0.000573 0.001357
20120128 0.000573 0.001357
20120128 0.000573 0.001357
20120128 0.000573 0.001357
20120128 0.000716 0.001696
20120129 0.000716 0.001696
20120129 0.000716 0.001696
20120129 0.000716 0.001696
20120129 0.000716 0.001696
20120129 0.000716 0.001696
20120129 0.000716 0.001696
20120129 0.000716 0.001696
20120130 0.000716 0.001696
20120130 0.000716 0.001696
20120130 0.000716 0.001696
20120130 0.000716 0.001696
20120130 0.000716 0.001696
20120130 0.000716 0.001696
20120130 0.001264 0.002996
20120131 0.001264 0.002996
20120131 0.001264 0.002996
20120201 0.001264 0.002996
20120201 0.001264 0.002996
20120201 0.001264 0.002996
20120202 0.001264 0.002996
20120202 0.001264 0.002996
20120202 0.001264 0.002996
20120202 0.001264 0.002996
20120202 0.001264 0.002996
20120203 0.001264 0.002996
20120203 0.001264 0.002996
20120203 0.001264 0.002996
20120203 0.001183 0.002804
20120203 0.001183 0.002804
20120204 0.001183 0.002804
20120204 0.001183 0.002804
20120204 0.001183 0.002804
20120204 0.001183 0.002804
20120204 0.001183 0.002804
20120204 0.001183 0.002804
20120205 0.001183 0.002804
20120205 0.001183 0.002804
20120205 0.001183 0.002804
20120205 0.001183 0.002804
20120205 0.001183 0.002804
20120205 0.001183 0.002804
20120206 0.001747 0.004141
20120206 0.001747 0.004141
20120206 0.001747 0.004141
20120206 0.001747 0.004141
20120207 0.001747 0.004141
20120207 0.001747 0.004141
20120207 0.001747 0.004141
20120207 0.001747 0.004141
20120207 0.001747 0.004141
20120208 0.001747 0.004141
20120208 0.001747 0.004141
20120208 0.001747 0.004141
20120208 0.001747 0.004141
20120209 0.001747 0.004141
20120209 0.001826 0.004327
20120209 0.001826 0.004327
20120209 0.001826 0.004327
20120210 0.001826 0.004327
20120210 0.001826 0.004327
20120210 0.001826 0.004327
20120210 0.001826 0.004327
20120211 0.001826 0.004327
20120211 0.001826 0.004327
20120211 0.001826 0.004327
20120211 0.001826 0.004327
20120212 0.001826 0.004327
20120212 0.001826 0.004327
20120212 0.001826 0.004327
20120212 0.001868 0.004428
20120213 0.001868 0.004428
20120213 0.001868 0.004428
20120213 0.001868 0.004428
20120213 0.001868 0.004428
20120214 0.001868 0.004428
20120214 0.001868 0.004428
20120214 0.001868 0.004428
20120214 0.001868 0.004428
20120214 0.001868 0.004428
20120215 0.001868 0.004428
20120215 0.001868 0.004428
20120215 0.001868 0.004428
20120215 0.001868 0.004428
20120216 0.001948 0.004617
20120216 0.001948 0.004617
20120216 0.001948 0.004617
20120216 0.001948 0.004617
20120217 0.001948 0.004617
20120217 0.001948 0.004617
20120217 0.001948 0.004617
20120217 0.001948 0.004617
20120218 0.001948 0.004617
20120218 0.001948 0.004617
20120218 0.001948 0.004617
20120218 0.001948 0.004617
20120219 0.001948 0.004617
20120219 0.001948 0.004617
20120219 0.002041 0.004837
20120219 0.002041 0.004837
20120220 0.002041 0.004837
20120220 0.002041 0.004837
20120220 0.002041 0.004837
20120220 0.002041 0.004837
20120221 0.002041 0.004837
20120221 0.002041 0.004837
20120221 0.002041 0.004837
20120221 0.002041 0.004837
20120221 0.002041 0.004837
20120222 0.002041 0.004837
20120222 0.002041 0.004837
20120222 0.002041 0.004837
20120222 0.002113 0.005008
20120223 0.002113 0.005008
20120223 0.002113 0.005008
20120223 0.002113 0.005008
20120223 0.002113 0.005008
20120224 0.002113 0.005008
20120224 0.002113 0.005008
20120224 0.002113 0.005008
20120224 0.002113 0.005008
20120225 0.002113 0.005008
20120225 0.002113 0.005008
20120225 0.002113 0.005008
20120225 0.002113 0.005008
20120226 0.002113 0.005008
20120226 0.002132 0.005052
20120226 0.002132 0.005052
20120226 0.002132 0.005052
20120227 0.002132 0.005052
20120227 0.002132 0.005052
20120227 0.002132 0.005052
20120228 0.002132 0.005052
20120228 0.002132 0.005052
20120228 0.002132 0.005052
20120229 0.002132 0.005052
20120229 0.002132 0.005052
20120229 0.002132 0.005052
20120301 0.002132 0.005052
20120301 0.002132 0.005052
20120301 0.001665 0.003947
20120302 0.001665 0.003947
20120302 0.001665 0.003947
20120302 0.001665 0.003947
20120302 0.001665 0.003947
20120302 0.001665 0.003947
20120303 0.001665 0.003947
20120303 0.001665 0.003947
20120303 0.001665 0.003947
20120303 0.001665 0.003947
20120303 0.001665 0.003947
20120303 0.001665 0.003947
20120303 0.001665 0.003947
20120304 0.001665 0.003947
20120304 0.002508 0.005945
20120304 0.002508 0.005945
20120304 0.002508 0.005945
20120304 0.002508 0.005945
20120305 0.002508 0.005945
20120305 0.002508 0.005945
20120305 0.002508 0.005945
20120305 0.002508 0.005945
20120306 0.002508 0.005945
20120306 0.002508 0.005945
20120306 0.002508 0.005945
20120307 0.002508 0.005945
20120307 0.002508 0.005945
20120308 0.002508 0.005945
20120308 0.002058 0.004878
20120308 0.002058 0.004878
20120309 0.002058 0.004878
20120309 0.002058 0.004878
20120309 0.002058 0.004878
20120310 0.002058 0.004878
20120310 0.002058 0.004878
20120311 0.002058 0.004878
20120311 0.002058 0.004878
20120311 0.002058 0.004878
20120312 0.002058 0.004878
20120312 0.002058 0.004878
20120312 0.002058 0.004878
20120313 0.002058 0.004878
20120313 0.001468 0.003480
20120313 0.001468 0.003480
20120313 0.001468 0.003480
20120313 0.001468 0.003480
20120314 0.001468 0.003480
20120314 0.001468 0.003480
20120314 0.001468 0.003480
20120314 0.001468 0.003480
20120314 0.001468 0.003480
20120315 0.001468 0.003480
20120315 0.001468 0.003480
20120315 0.001468 0.003480
20120315 0.001468 0.003480
20120315 0.001468 0.003480
20120316 0.001794 0.004251
20120316 0.001794 0.004251
20120316 0.001794 0.004251
20120316 0.001794 0.004251
20120317 0.001794 0.004251
20120317 0.001794 0.004251
20120317 0.001794 0.004251
20120317 0.001794 0.004251
20120318 0.001794 0.004251
20120318 0.001794 0.004251
20120318 0.001794 0.004251
20120318 0.001794 0.004251
20120319 0.001794 0.004251
20120319 0.001794 0.004251
20120319 0.001944 0.004608
20120319 0.001944 0.004608
20120319 0.001944 0.004608
20120320 0.001944 0.004608
20120320 0.001944 0.004608
20120320 0.001944 0.004608
20120320 0.001944 0.004608
20120320 0.001944 0.004608
20120321 0.001944 0.004608
20120321 0.001944 0.004608
20120321 0.001944 0.004608
20120321 0.001944 0.004608
20120321 0.001944 0.004608
20120322 0.001944 0.004608
20120322 0.002402 0.005692
20120322 0.002402 0.005692
20120322 0.002402 0.005692
20120323 0.002402 0.005692
20120323 0.002402 0.005692
20120323 0.002402 0.005692
20120323 0.002402 0.005692
20120324 0.002402 0.005692
20120324 0.002402 0.005692
20120324 0.002402 0.005692
20120325 0.002402 0.005692
20120325 0.002402 0.005692
20120325 0.002402 0.005692
20120326 0.002402 0.005692
20120326 0.002099 0.004973
20120326 0.002099 0.004973
20120326 0.002099 0.004973
20120327 0.002099 0.004973
20120327 0.002099 0.004973
20120327 0.002099 0.004973
20120327 0.002099 0.004973
20120328 0.002099 0.004973
20120328 0.002099 0.004973
20120328 0.002099 0.004973
20120328 0.002099 0.004973
20120329 0.002099 0.004973
20120329 0.002099 0.004973
20120329 0.002099 0.004973
20120329 0.002139 0.005069
20120329 0.002139 0.005069
20120330 0.002139 0.005069
20120330 0.002139 0.005069
20120330 0.002139 0.005069
20120330 0.002139 0.005069
20120331 0.002139 0.005069
20120331 0.002139 0.005069
20120331 0.002139 0.005069
20120331 0.002139 0.005069
20120401 0.002139 0.005069
20120401 0.002139 0.005069
20120401 0.002139 0.005069
20120401 0.002139 0.005069
20120402 0.002184 0.005176
20120402 0.002184 0.005176
20120402 0.002184 0.005176
20120402 0.002184 0.005176
20120403 0.002184 0.005176
20120403 0.002184 0.005176
20120403 0.002184 0.005176
20120404 0.002184 0.005176
20120404 0.002184 0.005176
20120404 0.002184 0.005176
20120404 0.002184 0.005176
20120405 0.002184 0.005176
20120405 0.002184 0.005176
20120405 0.002184 0.005176
20120406 0.001943 0.004605
20120406 0.001943 0.004605
20120406 0.001943 0.004605
20120406 0.001943 0.004605
20120407 0.001943 0.004605
20120407 0.001943 0.004605
20120407 0.001943 0.004605
20120407 0.001943 0.004605
20120408 0.001943 0.004605
20120408 0.001943 0.004605
20120408 0.001943 0.004605
20120408 0.001943 0.004605
20120408 0.001943 0.004605
20120409 0.001943 0.004605
20120409 0.002061 0.004883
20120409 0.002061 0.004883
20120409 0.002061 0.004883
20120410 0.002061 0.004883
20120410 0.002061 0.004883
20120410 0.002061 0.004883
20120410 0.002061 0.004883
20120410 0.002061 0.004883
20120411 0.002061 0.004883
20120411 0.002061 0.004883
20120411 0.002061 0.004883
20120412 0.002061 0.004883
20120412 0.002061 0.004883
20120412 0.002061 0.004883
20120412 0.002116 0.005014
20120413 0.002116 0.005014
20120413 0.002116 0.005014
20120413 0.002116 0.005014
20120413 0.002116 0.005014
20120414 0.002116 0.005014
20120414 0.002116 0.005014
20120414 0.002116 0.005014
20120414 0.002116 0.005014
20120415 0.002116 0.005014
20120415 0.002116 0.005014
20120415 0.002116 0.005014
20120415 0.002116 0.005014
20120416 0.002116 0.005014
20120416 0.002081 0.004933
20120416 0.002081 0.004933
20120416 0.002081 0.004933
20120417 0.002081 0.004933
20120417 0.002081 0.004933
20120417 0.002081 0.004933
20120417 0.002081 0.004933
20120418 0.002081 0.004933
20120418 0.002081 0.004933
20120418 0.002081 0.004933
20120418 0.002081 0.004933
20120419 0.002081 0.004933
20120419 0.002081 0.004933
20120419 0.002081 0.004933
20120420 0.001979 0.004689
20120420 0.001979 0.004689
20120420 0.001979 0.004689
20120420 0.001979 0.004689
20120421 0.001979 0.004689
20120421 0.001979 0.004689
20120421 0.001979 0.004689
20120421 0.001979 0.004689
20120422 0.001979 0.004689
20120422 0.001979 0.004689
20120422 0.001979 0.004689
20120423 0.001979 0.004689
20120423 0.001979 0.004689
20120423 0.001979 0.004689
20120423 0.001820 0.004312
20120424 0.001820 0.004312
20120424 0.001820 0.004312
20120424 0.001820 0.004312
20120424 0.001820 0.004312
20120424 0.001820 0.004312
20120425 0.001820 0.004312
20120425 0.001820 0.004312
20120425 0.001820 0.004312
20120426 0.001820 0.004312
20120426 0.001820 0.004312
20120426 0.001820 0.004312
20120427 0.001820 0.004312
20120427 0.001820 0.004312
20120427 0.001634 0.003871
20120427 0.001634 0.003871
20120428 0.001634 0.003871
20120428 0.001634 0.003871
20120428 0.001634 0.003871
20120429 0.001634 0.003871
20120429 0.001634 0.003871
20120429 0.001634 0.003871
20120429 0.001634 0.003871
20120430 0.001634 0.003871
20120430 0.001634 0.003871
20120430 0.001634 0.003871
20120430 0.001634 0.003871
20120501 0.001634 0.003871
20120501 0.001547 0.003665
20120501 0.001547 0.003665
20120501 0.001547 0.003665
20120502 0.001547 0.003665
20120502 0.001547 0.003665
20120502 0.001547 0.003665
20120502 0.001547 0.003665
20120502 0.001547 0.003665
20120503 0.001547 0.003665
20120503 0.001547 0.003665
20120503 0.001547 0.003665
20120504 0.001547 0.003665
20120504 0.001547 0.003665
20120504 0.001547 0.003665
20120504 0.001543 0.003657
20120505 0.001543 0.003657
20120505 0.001543 0.003657
20120505 0.001543 0.003657
20120506 0.001543 0.003657
20120506 0.001543 0.003657
20120506 0.001543 0.003657
20120506 0.001543 0.003657
20120507 0.001543 0.003657
20120507 0.001543 0.003657
20120507 0.001543 0.003657
20120507 0.001543 0.003657
20120508 0.001543 0.003657
20120508 0.001543 0.003657
20120508 0.001433 0.003396
20120508 0.001433 0.003396
20120509 0.001433 0.003396
20120509 0.001433 0.003396
20120509 0.001433 0.003396
20120509 0.001433 0.003396
20120510 0.001433 0.003396
20120510 0.001433 0.003396
20120510 0.001433 0.003396
20120510 0.001433 0.003396
20120511 0.001433 0.003396
20120511 0.001433 0.003396
20120511 0.001433 0.003396
20120511 0.001433 0.003396
20120512 0.001422 0.003370
20120512 0.001422 0.003370
20120512 0.001422 0.003370
20120513 0.001422 0.003370
20120513 0.001422 0.003370
20120513 0.001422 0.003370
20120513 0.001422 0.003370
20120513 0.001422 0.003370
20120514 0.001422 0.003370
20120514 0.001422 0.003370
20120514 0.001422 0.003370
20120514 0.001422 0.003370
20120515 0.001422 0.003370
20120515 0.001422 0.003370
20120515 0.001415 0.003352
20120516 0.001415 0.003352
20120516 0.001415 0.003352
20120516 0.001415 0.003352
20120516 0.001415 0.003352
20120517 0.001415 0.003352
20120517 0.001415 0.003352
20120517 0.001415 0.003352
20120518 0.001415 0.003352
20120518 0.001415 0.003352
20120518 0.001415 0.003352
20120519 0.001415 0.003352
20120519 0.001415 0.003352
20120519 0.001415 0.003352
20120519 0.001197 0.002836
20120520 0.001197 0.002836
20120520 0.001197 0.002836
20120520 0.001197 0.002836
20120520 0.001197 0.002836
20120521 0.001197 0.002836
20120521 0.001197 0.002836
20120521 0.001197 0.002836
20120521 0.001197 0.002836
20120521 0.001197 0.002836
20120522 0.001197 0.002836
20120522 0.001197 0.002836
20120522 0.001197 0.002836
20120522 0.001197 0.002836
20120523 0.001301 0.003083
20120523 0.001301 0.003083
20120523 0.001301 0.003083
20120523 0.001301 0.003083
20120524 0.001301 0.003083
20120524 0.001301 0.003083
20120524 0.001301 0.003083
20120524 0.001301 0.003083
20120524 0.001301 0.003083
20120525 0.001301 0.003083
20120525 0.001301 0.003083
20120525 0.001301 0.003083
20120525 0.001301 0.003083
20120526 0.001301 0.003083
20120526 0.001459 0.003457
20120526 0.001459 0.003457
20120526 0.001459 0.003457
20120527 0.001459 0.003457
20120527 0.001459 0.003457
20120527 0.001459 0.003457
20120527 0.001459 0.003457
20120528 0.001459 0.003457
20120528 0.001459 0.003457
20120528 0.001459 0.003457
20120529 0.001459 0.003457
20120529 0.001459 0.003457
20120529 0.001459 0.003457
20120529 0.001459 0.003457
20120530 0.001266 0.003001
20120530 0.001266 0.003001
20120530 0.001266 0.003001
20120530 0.001266 0.003001
20120531 0.001266 0.003001
20120531 0.001266 0.003001
20120531 0.001266 0.003001
20120531 0.001266 0.003001
20120601 0.001266 0.003001
20120601 0.001266 0.003001
20120601 0.001266 0.003001
20120601 0.001266 0.003001
20120602 0.001266 0.003001
20120602 0.001266 0.003001
20120602 0.001260 0.002987
20120602 0.001260 0.002987
20120603 0.001260 0.002987
20120603 0.001260 0.002987
20120603 0.001260 0.002987
20120603 0.001260 0.002987
20120604 0.001260 0.002987
20120604 0.001260 0.002987
20120604 0.001260 0.002987
20120605 0.001260 0.002987
20120605 0.001260 0.002987
20120605 0.001260 0.002987
20120605 0.001260 0.002987
20120605 0.001260 0.002987
20120606 0.001311 0.003106
20120606 0.001311 0.003106
20120606 0.001311 0.003106
20120606 0.001311 0.003106
20120607 0.001311 0.003106
20120607 0.001311 0.003106
20120607 0.001311 0.003106
20120607 0.001311 0.003106
20120608 0.001311 0.003106
20120608 0.001311 0.003106
20120608 0.001311 0.003106
20120608 0.001311 0.003106
20120609 0.001311 0.003106
20120609 0.001311 0.003106
20120609 0.001373 0.003254
20120609 0.001373 0.003254
20120609 0.001373 0.003254
20120610 0.001373 0.003254
20120610 0.001373 0.003254
20120610 0.001373 0.003254
20120610 0.001373 0.003254
20120611 0.001373 0.003254
20120611 0.001373 0.003254
20120611 0.001373 0.003254
20120612 0.001373 0.003254
20120612 0.001373 0.003254
20120612 0.001373 0.003254
20120612 0.001373 0.003254
20120612 0.001366 0.003236
20120613 0.001366 0.003236
20120613 0.001366 0.003236
20120613 0.001366 0.003236
20120613 0.001366 0.003236
20120614 0.001366 0.003236
20120614 0.001366 0.003236
20120614 0.001366 0.003236
20120614 0.001366 0.003236
20120615 0.001366 0.003236
20120615 0.001366 0.003236
20120615 0.001366 0.003236
20120615 0.001366 0.003236
20120616 0.001366 0.003236
20120616 0.001449 0.003433
20120616 0.001449 0.003433
20120616 0.001449 0.003433
20120617 0.001449 0.003433
20120617 0.001449 0.003433
20120617 0.001449 0.003433
20120617 0.001449 0.003433
20120618 0.001449 0.003433
20120618 0.001449 0.003433
20120618 0.001449 0.003433
20120618 0.001449 0.003433
20120619 0.001449 0.003433
20120619 0.001449 0.003433
20120619 0.001449 0.003433
20120619 0.001399 0.003315
20120620 0.001399 0.003315
20120620 0.001399 0.003315
20120620 0.001399 0.003315
20120621 0.001399 0.003315
20120621 0.001399 0.003315
20120621 0.001399 0.003315
20120621 0.001399 0.003315
20120621 0.001399 0.003315
20120622 0.001399 0.003315
20120622 0.001399 0.003315
20120622 0.001399 0.003315
20120622 0.001399 0.003315
20120623 0.001399 0.003315
20120623 0.001444 0.003422
20120623 0.001444 0.003422
20120623 0.001444 0.003422
20120623 0.001444 0.003422
20120624 0.001444 0.003422
20120624 0.001444 0.003422
20120624 0.001444 0.003422
20120624 0.001444 0.003422
20120624 0.001444 0.003422
20120624 0.001444 0.003422
20120625 0.001444 0.003422
20120625 0.001444 0.003422
20120625 0.001444 0.003422
20120625 0.001444 0.003422
20120625 0.002009 0.004762
20120626 0.002009 0.004762
20120626 0.002009 0.004762
20120626 0.002009 0.004762
20120626 0.002009 0.004762
20120626 0.002009 0.004762
20120627 0.002009 0.004762
20120627 0.002009 0.004762
20120627 0.002009 0.004762
20120627 0.002009 0.004762
20120628 0.002009 0.004762
20120628 0.002009 0.004762
20120628 0.002009 0.004762
20120628 0.002009 0.004762
20120628 0.002294 0.005437
20120629 0.002294 0.005437
20120629 0.002294 0.005437
20120629 0.002294 0.005437
20120629 0.002294 0.005437
20120629 0.002294 0.005437
20120630 0.002294 0.005437
20120630 0.002294 0.005437
20120630 0.002294 0.005437
20120630 0.002294 0.005437
20120701 0.002294 0.005437
20120701 0.002294 0.005437
20120701 0.002294 0.005437
20120701 0.002294 0.005437
20120702 0.002568 0.006087
20120702 0.002568 0.006087
20120702 0.002568 0.006087
20120702 0.002568 0.006087
20120702 0.002568 0.006087
20120703 0.002568 0.006087
20120703 0.002568 0.006087
20120703 0.002568 0.006087
20120703 0.002568 0.006087
20120704 0.002568 0.006087
20120704 0.002568 0.006087
20120704 0.002568 0.006087
20120704 0.002568 0.006087
20120704 0.002568 0.006087
20120705 0.002986 0.007076
20120705 0.002986 0.007076
20120705 0.002986 0.007076
20120705 0.002986 0.007076
20120705 0.002986 0.007076
20120706 0.002986 0.007076
20120706 0.002986 0.007076
20120706 0.002986 0.007076
20120706 0.002986 0.007076
20120706 0.002986 0.007076
20120706 0.002986 0.007076
20120707 0.002986 0.007076
20120707 0.002986 0.007076
20120707 0.002986 0.007076
20120707 0.004162 0.009862
20120707 0.004162 0.009862
20120707 0.004162 0.009862
20120708 0.004162 0.009862
20120708 0.004162 0.009862
20120708 0.004162 0.009862
20120708 0.004162 0.009862
20120708 0.004162 0.009862
20120708 0.004162 0.009862
20120708 0.004162 0.009862
20120709 0.004162 0.009862
20120709 0.004162 0.009862
20120709 0.004162 0.009862
20120709 0.004162 0.009862
20120709 0.007093 0.016810
20120709 0.007093 0.016810
20120710 0.007093 0.016810
20120710 0.007093 0.016810
20120710 0.007093 0.016810
20120710 0.007093 0.016810
20120710 0.007093 0.016810
20120711 0.007093 0.016810
20120711 0.007093 0.016810
20120711 0.007093 0.016810
20120711 0.007093 0.016810
20120712 0.007093 0.016810
20120712 0.007093 0.016810
20120712 0.007093 0.016810
20120713 0.007197 0.017057
20120713 0.007197 0.017057
20120713 0.007197 0.017057
20120713 0.007197 0.017057
20120714 0.007197 0.017057
20120714 0.007197 0.017057
20120714 0.007197 0.017057
20120714 0.007197 0.017057
20120715 0.007197 0.017057
20120715 0.007197 0.017057
20120715 0.007197 0.017057
20120715 0.007197 0.017057
20120715 0.007197 0.017057
20120716 0.007197 0.017057
20120716 0.007550 0.017892
20120716 0.007550 0.017892
20120716 0.007550 0.017892
20120717 0.007550 0.017892
20120717 0.007550 0.017892
20120717 0.007550 0.017892
20120717 0.007550 0.017892
20120718 0.007550 0.017892
20120718 0.007550 0.017892
20120718 0.007550 0.017892
20120718 0.007550 0.017892
20120718 0.007550 0.017892
20120719 0.007550 0.017892
20120719 0.007550 0.017892
20120719 0.008184 0.019394
20120719 0.008184 0.019394
20120720 0.008184 0.019394
20120720 0.008184 0.019394
20120720 0.008184 0.019394
20120720 0.008184 0.019394
20120721 0.008184 0.019394
20120721 0.008184 0.019394
20120721 0.008184 0.019394
20120721 0.008184 0.019394
20120721 0.008184 0.019394
20120722 0.008184 0.019394
20120722 0.008184 0.019394
20120722 0.008184 0.019394
20120722 0.008744 0.020722
20120723 0.008744 0.020722
20120723 0.008744 0.020722
20120723 0.008744 0.020722
20120723 0.008744 0.020722
20120724 0.008744 0.020722
20120724 0.008744 0.020722
20120724 0.008744 0.020722
20120724 0.008744 0.020722
20120724 0.008744 0.020722
20120725 0.008744 0.020722
20120725 0.008744 0.020722
20120725 0.008744 0.020722
20120725 0.008744 0.020722
20120725 0.010238 0.024263
20120726 0.010238 0.024263
20120726 0.010238 0.024263
20120726 0.010238 0.024263
20120726 0.010238 0.024263
20120727 0.010238 0.024263
20120727 0.010238 0.024263
20120727 0.010238 0.024263
20120727 0.010238 0.024263
20120728 0.010238 0.024263
20120728 0.010238 0.024263
20120728 0.010238 0.024263
20120728 0.010238 0.024263
20120728 0.010238 0.024263
20120729 0.010865 0.025748
20120729 0.010865 0.025748
20120729 0.010865 0.025748
20120729 0.010865 0.025748
20120730 0.010865 0.025748
20120730 0.010865 0.025748
20120730 0.010865 0.025748
20120730 0.010865 0.025748
20120730 0.010865 0.025748
20120731 0.010865 0.025748
20120731 0.010865 0.025748
20120731 0.010865 0.025748
20120731 0.010865 0.025748
20120731 0.010865 0.025748
20120801 0.012764 0.030248
20120801 0.012764 0.030248
20120801 0.012764 0.030248
20120801 0.012764 0.030248
20120802 0.012764 0.030248
20120802 0.012764 0.030248
20120802 0.012764 0.030248
20120802 0.012764 0.030248
20120803 0.012764 0.030248
20120803 0.012764 0.030248
20120803 0.012764 0.030248
20120803 0.012764 0.030248
20120804 0.012764 0.030248
20120804 0.012764 0.030248
20120804 0.012945 0.030678
20120804 0.012945 0.030678
20120805 0.012945 0.030678
20120805 0.012945 0.030678
20120805 0.012945 0.030678
20120806 0.012945 0.030678
20120806 0.012945 0.030678
20120806 0.012945 0.030678
20120806 0.012945 0.030678
20120807 0.012945 0.030678
20120807 0.012945 0.030678
20120807 0.012945 0.030678
20120808 0.012945 0.030678
20120808 0.012945 0.030678
20120808 0.010808 0.025614
20120809 0.010808 0.025614
20120809 0.010808 0.025614
20120809 0.010808 0.025614
20120809 0.010808 0.025614
20120810 0.010808 0.025614
20120810 0.010808 0.025614
20120810 0.010808 0.025614
20120810 0.010808 0.025614
20120811 0.010808 0.025614
20120811 0.010808 0.025614
20120811 0.010808 0.025614
20120811 0.010808 0.025614
20120812 0.010808 0.025614
20120812 0.010901 0.025835
20120812 0.010901 0.025835
20120812 0.010901 0.025835
20120813 0.010901 0.025835
20120813 0.010901 0.025835
20120813 0.010901 0.025835
20120813 0.010901 0.025835
20120814 0.010901 0.025835
20120814 0.010901 0.025835
20120814 0.010901 0.025835
20120814 0.010901 0.025835
20120815 0.010901 0.025835
20120815 0.010901 0.025835
20120815 0.010901 0.025835
20120815 0.011114 0.026339
20120815 0.011114 0.026339
20120816 0.011114 0.026339
20120816 0.011114 0.026339
20120816 0.011114 0.026339
20120817 0.011114 0.026339
20120817 0.011114 0.026339
20120817 0.011114 0.026339
20120817 0.011114 0.026339
20120818 0.011114 0.026339
20120818 0.011114 0.026339
20120818 0.011114 0.026339
20120818 0.011114 0.026339
20120819 0.011114 0.026339
20120819 0.010390 0.024623
20120819 0.010390 0.024623
20120819 0.010390 0.024623
20120820 0.010390 0.024623
20120820 0.010390 0.024623
20120820 0.010390 0.024623
20120820 0.010390 0.024623
20120821 0.010390 0.024623
20120821 0.010390 0.024623
20120821 0.010390 0.024623
20120821 0.010390 0.024623
20120822 0.010390 0.024623
20120822 0.010390 0.024623
20120822 0.010390 0.024623
20120823 0.009965 0.023616
20120823 0.009965 0.023616
20120823 0.009965 0.023616
20120823 0.009965 0.023616
20120824 0.009965 0.023616
20120824 0.009965 0.023616
20120824 0.009965 0.023616
20120824 0.009965 0.023616
20120825 0.009965 0.023616
20120825 0.009965 0.023616
20120825 0.009965 0.023616
20120825 0.009965 0.023616
20120825 0.009965 0.023616
20120826 0.009965 0.023616
20120826 0.010779 0.025545
20120826 0.010779 0.025545
20120826 0.010779 0.025545
20120827 0.010779 0.025545
20120827 0.010779 0.025545
20120827 0.010779 0.025545
20120827 0.010779 0.025545
20120828 0.010779 0.025545
20120828 0.010779 0.025545
20120828 0.010779 0.025545
20120828 0.010779 0.025545
20120829 0.010779 0.025545
20120829 0.010779 0.025545
20120829 0.010779 0.025545
20120829 0.010484 0.024846
20120830 0.010484 0.024846
20120830 0.010484 0.024846
20120830 0.010484 0.024846
20120830 0.010484 0.024846
20120831 0.010484 0.024846
20120831 0.010484 0.024846
20120831 0.010484 0.024846
20120831 0.010484 0.024846
20120901 0.010484 0.024846
20120901 0.010484 0.024846
20120901 0.010484 0.024846
20120901 0.010484 0.024846
20120902 0.010484 0.024846
20120902 0.010976 0.026012
20120902 0.010976 0.026012
20120902 0.010976 0.026012
20120902 0.010976 0.026012
20120903 0.010976 0.026012
20120903 0.010976 0.026012
20120903 0.010976 0.026012
20120904 0.010976 0.026012
20120904 0.010976 0.026012
20120904 0.010976 0.026012
20120904 0.010976 0.026012
20120905 0.010976 0.026012
20120905 0.010976 0.026012
20120905 0.010976 0.026012
20120905 0.010851 0.025716
20120906 0.010851 0.025716
20120906 0.010851 0.025716
20120906 0.010851 0.025716
20120906 0.010851 0.025716
20120906 0.010851 0.025716
20120907 0.010851 0.025716
20120907 0.010851 0.025716
20120907 0.010851 0.025716
20120907 0.010851 0.025716
20120908 0.010851 0.025716
20120908 0.010851 0.025716
20120908 0.010851 0.025716
20120908 0.010851 0.025716
20120909 0.011507 0.027270
20120909 0.011507 0.027270
20120909 0.011507 0.027270
20120909 0.011507 0.027270
20120910 0.011507 0.027270
20120910 0.011507 0.027270
20120910 0.011507 0.027270
20120910 0.011507 0.027270
20120911 0.011507 0.027270
20120911 0.011507 0.027270
20120911 0.011507 0.027270
20120912 0.011507 0.027270
20120912 0.011507 0.027270
20120912 0.011507 0.027270
20120912 0.011156 0.026438
20120912 0.011156 0.026438
20120913 0.011156 0.026438
20120913 0.011156 0.026438
20120913 0.011156 0.026438
20120914 0.011156 0.026438
20120914 0.011156 0.026438
20120914 0.011156 0.026438
20120914 0.011156 0.026438
20120915 0.011156 0.026438
20120915 0.011156 0.026438
20120915 0.011156 0.026438
20120915 0.011156 0.026438
20120916 0.011156 0.026438
20120916 0.010451 0.024768
20120916 0.010451 0.024768
20120916 0.010451 0.024768
20120917 0.010451 0.024768
20120917 0.010451 0.024768
20120917 0.010451 0.024768
20120917 0.010451 0.024768
20120918 0.010451 0.024768
20120918 0.010451 0.024768
20120918 0.010451 0.024768
20120918 0.010451 0.024768
20120919 0.010451 0.024768
20120919 0.010451 0.024768
20120919 0.010451 0.024768
20120919 0.010817 0.025635
20120920 0.010817 0.025635
20120920 0.010817 0.025635
20120920 0.010817 0.025635
20120920 0.010817 0.025635
20120920 0.010817 0.025635
20120921 0.010817 0.025635
20120921 0.010817 0.025635
20120921 0.010817 0.025635
20120921 0.010817 0.025635
20120922 0.010817 0.025635
20120922 0.010817 0.025635
20120922 0.010817 0.025635
20120922 0.010817 0.025635
20120923 0.011948 0.028314
20120923 0.011948 0.028314
20120923 0.011948 0.028314
20120923 0.011948 0.028314
20120923 0.011948 0.028314
20120924 0.011948 0.028314
20120924 0.011948 0.028314
20120924 0.011948 0.028314
20120924 0.011948 0.028314
20120925 0.011948 0.028314
20120925 0.011948 0.028314
20120925 0.011948 0.028314
20120925 0.011948 0.028314
20120925 0.011948 0.028314
20120926 0.013538 0.032084
20120926 0.013538 0.032084
20120926 0.013538 0.032084
20120926 0.013538 0.032084
20120927 0.013538 0.032084
20120927 0.013538 0.032084
20120927 0.013538 0.032084
20120927 0.013538 0.032084
20120928 0.013538 0.032084
20120928 0.013538 0.032084
20120928 0.013538 0.032084
20120928 0.013538 0.032084
20120929 0.013538 0.032084
20120929 0.013538 0.032084
20120929 0.013573 0.032165
20120929 0.013573 0.032165
20120930 0.013573 0.032165
20120930 0.013573 0.032165
20120930 0.013573 0.032165
20120930 0.013573 0.032165
20121001 0.013573 0.032165
20121001 0.013573 0.032165
20121001 0.013573 0.032165
20121001 0.013573 0.032165
20121001 0.013573 0.032165
20121002 0.013573 0.032165
20121002 0.013573 0.032165
20121002 0.013573 0.032165
20121002 0.014263 0.033801
20121003 0.014263 0.033801
20121003 0.014263 0.033801
20121003 0.014263 0.033801
20121003 0.014263 0.033801
20121004 0.014263 0.033801
20121004 0.014263 0.033801
20121004 0.014263 0.033801
20121004 0.014263 0.033801
20121004 0.014263 0.033801
20121005 0.014263 0.033801
20121005 0.014263 0.033801
20121005 0.014263 0.033801
20121005 0.014263 0.033801
20121005 0.016176 0.038336
20121006 0.016176 0.038336
20121006 0.016176 0.038336
20121006 0.016176 0.038336
20121007 0.016176 0.038336
20121007 0.016176 0.038336
20121007 0.016176 0.038336
20121007 0.016176 0.038336
20121007 0.016176 0.038336
20121008 0.016176 0.038336
20121008 0.016176 0.038336
20121008 0.016176 0.038336
20121008 0.016176 0.038336
20121009 0.016176 0.038336
20121009 0.016617 0.039380
20121009 0.016617 0.039380
20121009 0.016617 0.039380
20121010 0.016617 0.039380
20121010 0.016617 0.039380
20121010 0.016617 0.039380
20121010 0.016617 0.039380
20121010 0.016617 0.039380
20121011 0.016617 0.039380
20121011 0.016617 0.039380
20121011 0.016617 0.039380
20121011 0.016617 0.039380
20121012 0.016617 0.039380
20121012 0.016617 0.039380
20121012 0.019601 0.046453
20121012 0.019601 0.046453
20121012 0.019601 0.046453
20121012 0.019601 0.046453
20121013 0.019601 0.046453
20121013 0.019601 0.046453
20121013 0.019601 0.046453
20121013 0.019601 0.046453
20121013 0.019601 0.046453
20121013 0.019601 0.046453
20121014 0.019601 0.046453
20121014 0.019601 0.046453
20121014 0.019601 0.046453
20121014 0.019601 0.046453
20121014 0.027736 0.065731
20121015 0.027736 0.065731
20121015 0.027736 0.065731
20121015 0.027736 0.065731
20121015 0.027736 0.065731
20121016 0.027736 0.065731
20121016 0.027736 0.065731
20121016 0.027736 0.065731
20121016 0.027736 0.065731
20121017 0.027736 0.065731
20121017 0.027736 0.065731
20121017 0.027736 0.065731
20121017 0.027736 0.065731
20121018 0.027736 0.065731
20121018 0.026749 0.063391
20121018 0.026749 0.063391
20121019 0.026749 0.063391
20121019 0.026749 0.063391
20121019 0.026749 0.063391
20121019 0.026749 0.063391
20121020 0.026749 0.063391
20121020 0.026749 0.063391
20121020 0.026749 0.063391
20121021 0.026749 0.063391
20121021 0.026749 0.063391
20121021 0.026749 0.063391
20121022 0.026749 0.063391
20121022 0.026749 0.063391
20121022 0.022386 0.053053
20121022 0.022386 0.053053
20121023 0.022386 0.053053
20121023 0.022386 0.053053
20121023 0.022386 0.053053
20121023 0.022386 0.053053
20121023 0.022386 0.053053
20121024 0.022386 0.053053
20121024 0.022386 0.053053
20121024 0.022386 0.053053
20121024 0.022386 0.053053
20121024 0.022386 0.053053
20121025 0.022386 0.053053
20121025 0.022386 0.053053
20121025 0.028191 0.066810
20121025 0.028191 0.066810
20121026 0.028191 0.066810
20121026 0.028191 0.066810
20121026 0.028191 0.066810
20121026 0.028191 0.066810
20121027 0.028191 0.066810
20121027 0.028191 0.066810
20121027 0.028191 0.066810
20121028 0.028191 0.066810
20121028 0.028191 0.066810
20121028 0.028191 0.066810
20121028 0.028191 0.066810
20121029 0.028191 0.066810
20121029 0.024042 0.056976
20121029 0.024042 0.056976
20121029 0.024042 0.056976
20121030 0.024042 0.056976
20121030 0.024042 0.056976
20121030 0.024042 0.056976
20121030 0.024042 0.056976
20121031 0.024042 0.056976
20121031 0.024042 0.056976
20121031 0.024042 0.056976
20121031 0.024042 0.056976
20121031 0.024042 0.056976
20121101 0.024042 0.056976
20121101 0.024042 0.056976
20121101 0.027362 0.064844
20121101 0.027362 0.064844
20121102 0.027362 0.064844
20121102 0.027362 0.064844
20121102 0.027362 0.064844
20121102 0.027362 0.064844
20121103 0.027362 0.064844
20121103 0.027362 0.064844
20121103 0.027362 0.064844
20121103 0.027362 0.064844
20121103 0.027362 0.064844
20121104 0.027362 0.064844
20121104 0.027362 0.064844
20121104 0.027362 0.064844
20121104 0.031133 0.073781
20121104 0.031133 0.073781
20121105 0.031133 0.073781
20121105 0.031133 0.073781
20121105 0.031133 0.073781
20121105 0.031133 0.073781
20121106 0.031133 0.073781
20121106 0.031133 0.073781
20121106 0.031133 0.073781
20121107 0.031133 0.073781
20121107 0.031133 0.073781
20121107 0.031133 0.073781
20121107 0.031133 0.073781
20121108 0.031133 0.073781
20121108 0.027903 0.066125
20121108 0.027903 0.066125
20121109 0.027903 0.066125
20121109 0.027903 0.066125
20121109 0.027903 0.066125
20121110 0.027903 0.066125
20121110 0.027903 0.066125
20121110 0.027903 0.066125
20121111 0.027903 0.066125
20121111 0.027903 0.066125
20121111 0.027903 0.066125
20121111 0.027903 0.066125
20121112 0.027903 0.066125
20121112 0.027903 0.066125
20121112 0.022616 0.053598
20121113 0.022616 0.053598
20121113 0.022616 0.053598
20121113 0.022616 0.053598
20121113 0.022616 0.053598
20121114 0.022616 0.053598
20121114 0.022616 0.053598
20121114 0.022616 0.053598
20121114 0.022616 0.053598
20121114 0.022616 0.053598
20121115 0.022616 0.053598
20121115 0.022616 0.053598
20121115 0.022616 0.053598
20121115 0.022616 0.053598
20121115 0.025983 0.061575
20121116 0.025983 0.061575
20121116 0.025983 0.061575
20121116 0.025983 0.061575
20121117 0.025983 0.061575
20121117 0.025983 0.061575
20121117 0.025983 0.061575
20121117 0.025983 0.061575
20121118 0.025983 0.061575
20121118 0.025983 0.061575
20121118 0.025983 0.061575
20121119 0.025983 0.061575
20121119 0.025983 0.061575
20121119 0.025983 0.061575
20121120 0.022440 0.053180
20121120 0.022440 0.053180
20121120 0.022440 0.053180
20121120 0.022440 0.053180
20121121 0.022440 0.053180
20121121 0.022440 0.053180
20121121 0.022440 0.053180
20121121 0.022440 0.053180
20121122 0.022440 0.053180
20121122 0.022440 0.053180
20121122 0.022440 0.053180
20121122 0.022440 0.053180
20121123 0.022440 0.053180
20121123 0.022440 0.053180
20121123 0.020889 0.049503
20121123 0.020889 0.049503
20121124 0.020889 0.049503
20121124 0.020889 0.049503
20121124 0.020889 0.049503
20121124 0.020889 0.049503
20121125 0.020889 0.049503
20121125 0.020889 0.049503
20121125 0.020889 0.049503
20121125 0.020889 0.049503
20121125 0.020889 0.049503
20121126 0.020889 0.049503
20121126 0.020889 0.049503
20121126 0.020889 0.049503
20121126 0.024202 0.057356
20121127 0.024202 0.057356
20121127 0.024202 0.057356
20121127 0.024202 0.057356
20121127 0.024202 0.057356
20121128 0.024202 0.057356
20121128 0.024202 0.057356
20121128 0.024202 0.057356
20121128 0.024202 0.057356
20121128 0.024202 0.057356
20121129 0.024202 0.057356
20121129 0.024202 0.057356
20121129 0.024202 0.057356
20121129 0.024202 0.057356
20121129 0.030456 0.072177
20121129 0.030456 0.072177
20121129 0.030456 0.072177
20121130 0.030456 0.072177
20121130 0.030456 0.072177
20121130 0.030456 0.072177
20121130 0.030456 0.072177
20121130 0.030456 0.072177
20121130 0.030456 0.072177
20121130 0.030456 0.072177
20121130 0.030456 0.072177
20121201 0.030456 0.072177
20121201 0.030456 0.072177
20121201 0.030456 0.072177
20121201 0.053889 0.127710
20121201 0.053889 0.127710
20121202 0.053889 0.127710
20121202 0.053889 0.127710
20121202 0.053889 0.127710
20121203 0.053889 0.127710
20121204 0.053889 0.127710
20121204 0.053889 0.127710
20121204 0.053889 0.127710
20121205 0.053889 0.127710
20121205 0.053889 0.127710
20121206 0.053889 0.127710
20121206 0.053889 0.127710
20121207 0.053889 0.127710
20121207 0.032392 0.076765
20121207 0.032392 0.076765
20121207 0.032392 0.076765
20121207 0.032392 0.076765
20121208 0.032392 0.076765
20121208 0.032392 0.076765
20121208 0.032392 0.076765
20121208 0.032392 0.076765
20121208 0.032392 0.076765
20121208 0.032392 0.076765
20121208 0.032392 0.076765
20121209 0.032392 0.076765
20121209 0.032392 0.076765
20121209 0.032392 0.076765
20121209 0.051732 0.122597
20121209 0.051732 0.122597
20121210 0.051732 0.122597
20121210 0.051732 0.122597
20121211 0.051732 0.122597
20121211 0.051732 0.122597
20121212 0.051732 0.122597
20121212 0.051732 0.122597
20121212 0.051732 0.122597
20121213 0.051732 0.122597
20121213 0.051732 0.122597
20121214 0.051732 0.122597
20121214 0.051732 0.122597
20121214 0.051732 0.122597
20121215 0.031302 0.074181
20121215 0.031302 0.074181
20121215 0.031302 0.074181
20121215 0.031302 0.074181
20121216 0.031302 0.074181
20121216 0.031302 0.074181
20121216 0.031302 0.074181
20121216 0.031302 0.074181
20121216 0.031302 0.074181
20121216 0.031302 0.074181
20121216 0.031302 0.074181
20121216 0.031302 0.074181
20121217 0.031302 0.074181
20121217 0.031302 0.074181
20121217 0.052736 0.124978
20121217 0.052736 0.124978
20121218 0.052736 0.124978
20121218 0.052736 0.124978
20121218 0.052736 0.124978
20121219 0.052736 0.124978
20121219 0.052736 0.124978
20121220 0.052736 0.124978
20121220 0.052736 0.124978
20121220 0.052736 0.124978
20121221 0.052736 0.124978
20121221 0.052736 0.124978
20121222 0.052736 0.124978
20121222 0.052736 0.124978
20121222 0.034516 0.081799
20121223 0.034516 0.081799
20121223 0.034516 0.081799
20121223 0.034516 0.081799
20121223 0.034516 0.081799
20121223 0.034516 0.081799
20121223 0.034516 0.081799
20121224 0.034516 0.081799
20121224 0.034516 0.081799
20121224 0.034516 0.081799
20121224 0.034516 0.081799
20121224 0.034516 0.081799
20121224 0.034516 0.081799
20121225 0.034516 0.081799
20121225 0.048958 0.116023
20121225 0.048958 0.116023
20121225 0.048958 0.116023
20121226 0.048958 0.116023
20121226 0.048958 0.116023
20121226 0.048958 0.116023
20121227 0.048958 0.116023
20121227 0.048958 0.116023
20121227 0.048958 0.116023
20121228 0.048958 0.116023
20121228 0.048958 0.116023
20121228 0.048958 0.116023
20121229 0.048958 0.116023
20121229 0.048958 0.116023
20121229 0.037376 0.088576
20121230 0.037376 0.088576
20121230 0.037376 0.088576
20121230 0.037376 0.088576
20121230 0.037376 0.088576
20121230 0.037376 0.088576
20121231 0.037376 0.088576
20121231 0.037376 0.088576
20121231 0.037376 0.088576
20121231 0.037376 0.088576
20130101 0.037376 0.088576
20130101 0.037376 0.088576
20130101 0.037376 0.088576
20130101 0.037376 0.088576
20130101 0.041998 0.099529
20130102 0.041998 0.099529
20130102 0.041998 0.099529
20130102 0.041998 0.099529
20130103 0.041998 0.099529
20130103 0.041998 0.099529
20130103 0.041998 0.099529
20130104 0.041998 0.099529
20130104 0.041998 0.099529
20130104 0.041998 0.099529
20130104 0.041998 0.099529
20130105 0.041998 0.099529
20130105 0.041998 0.099529
20130106 0.041998 0.099529
20130106 0.031952 0.075721
20130106 0.031952 0.075721
20130107 0.031952 0.075721
20130107 0.031952 0.075721
20130107 0.031952 0.075721
20130107 0.031952 0.075721
20130107 0.031952 0.075721
20130108 0.031952 0.075721
20130108 0.031952 0.075721
20130108 0.031952 0.075721
20130108 0.031952 0.075721
20130109 0.031952 0.075721
20130109 0.031952 0.075721
20130109 0.031952 0.075721
20130109 0.035682 0.084563
20130109 0.035682 0.084563
20130110 0.035682 0.084563
20130110 0.035682 0.084563
20130110 0.035682 0.084563
20130111 0.035682 0.084563
20130111 0.035682 0.084563
20130111 0.035682 0.084563
20130112 0.035682 0.084563
20130112 0.035682 0.084563
20130112 0.035682 0.084563
20130113 0.035682 0.084563
20130113 0.035682 0.084563
20130113 0.035682 0.084563
20130113 0.029126 0.069025
20130114 0.029126 0.069025
20130114 0.029126 0.069025
20130114 0.029126 0.069025
20130114 0.029126 0.069025
20130115 0.029126 0.069025
20130115 0.029126 0.069025
20130115 0.029126 0.069025
20130115 0.029126 0.069025
20130115 0.029126 0.069025
20130116 0.029126 0.069025
20130116 0.029126 0.069025
20130116 0.029126 0.069025
20130116 0.029126 0.069025
20130116 0.033870 0.080268
20130117 0.033870 0.080268
20130117 0.033870 0.080268
20130117 0.033870 0.080268
20130118 0.033870 0.080268
20130118 0.033870 0.080268
20130118 0.033870 0.080268
20130119 0.033870 0.080268
20130119 0.033870 0.080268
20130120 0.033870 0.080268
20130120 0.033870 0.080268
20130120 0.033870 0.080268
20130121 0.033870 0.080268
20130121 0.033870 0.080268
20130121 0.024233 0.057429
20130122 0.024233 0.057429
20130122 0.024233 0.057429
20130122 0.024233 0.057429
20130122 0.024233 0.057429
20130123 0.024233 0.057429
20130123 0.024233 0.057429
20130123 0.024233 0.057429
20130123 0.024233 0.057429
20130123 0.024233 0.057429
20130124 0.024233 0.057429
20130124 0.024233 0.057429
20130124 0.024233 0.057429
20130124 0.024233 0.057429
20130125 0.025108 0.059502
20130125 0.025108 0.059502
20130125 0.025108 0.059502
20130125 0.025108 0.059502
20130126 0.025108 0.059502
20130126 0.025108 0.059502
20130126 0.025108 0.059502
20130126 0.025108 0.059502
20130127 0.025108 0.059502
20130127 0.025108 0.059502
20130127 0.025108 0.059502
20130128 0.025108 0.059502
20130128 0.025108 0.059502
20130128 0.025108 0.059502
20130128 0.024857 0.058908
20130129 0.024857 0.058908
20130129 0.024857 0.058908
20130129 0.024857 0.058908
20130129 0.024857 0.058908
20130130 0.024857 0.058908
20130130 0.024857 0.058908
20130130 0.024857 0.058908
20130130 0.024857 0.058908
20130131 0.024857 0.058908
20130131 0.024857 0.058908
20130131 0.024857 0.058908
20130131 0.024857 0.058908
20130201 0.024857 0.058908
20130201 0.023172 0.054915
20130201 0.023172 0.054915
20130202 0.023172 0.054915
20130202 0.023172 0.054915
20130202 0.023172 0.054915
20130202 0.023172 0.054915
20130202 0.023172 0.054915
20130203 0.023172 0.054915
20130203 0.023172 0.054915
20130203 0.023172 0.054915
20130203 0.023172 0.054915
20130204 0.023172 0.054915
20130204 0.023172 0.054915
20130204 0.023172 0.054915
20130204 0.025137 0.059572
20130205 0.025137 0.059572
20130205 0.025137 0.059572
20130205 0.025137 0.059572
20130205 0.025137 0.059572
20130206 0.025137 0.059572
20130206 0.025137 0.059572
20130206 0.025137 0.059572
20130206 0.025137 0.059572
20130207 0.025137 0.059572
20130207 0.025137 0.059572
20130207 0.025137 0.059572
20130207 0.025137 0.059572
20130208 0.025137 0.059572
20130208 0.025124 0.059540
20130208 0.025124 0.059540
20130208 0.025124 0.059540
20130208 0.025124 0.059540
20130209 0.025124 0.059540
20130209 0.025124 0.059540
20130209 0.025124 0.059540
20130209 0.025124 0.059540
20130210 0.025124 0.059540
20130210 0.025124 0.059540
20130210 0.025124 0.059540
20130210 0.025124 0.059540
20130211 0.025124 0.059540
20130211 0.025124 0.059540
20130211 0.025444 0.060300
20130212 0.025444 0.060300
20130212 0.025444 0.060300
20130212 0.025444 0.060300
20130212 0.025444 0.060300
20130213 0.025444 0.060300
20130213 0.025444 0.060300
20130213 0.025444 0.060300
20130214 0.025444 0.060300
20130214 0.025444 0.060300
20130214 0.025444 0.060300
20130215 0.025444 0.060300
20130215 0.025444 0.060300
20130215 0.025444 0.060300
20130216 0.019545 0.046319
20130216 0.019545 0.046319
20130216 0.019545 0.046319
20130216 0.019545 0.046319
20130217 0.019545 0.046319
20130217 0.019545 0.046319
20130217 0.019545 0.046319
20130217 0.019545 0.046319
20130218 0.019545 0.046319
20130218 0.019545 0.046319
20130218 0.019545 0.046319
20130218 0.019545 0.046319
20130218 0.019545 0.046319
20130219 0.019545 0.046319
20130219 0.022853 0.054158
20130219 0.022853 0.054158
20130219 0.022853 0.054158
20130220 0.022853 0.054158
20130220 0.022853 0.054158
20130220 0.022853 0.054158
20130220 0.022853 0.054158
20130221 0.022853 0.054158
20130221 0.022853 0.054158
20130221 0.022853 0.054158
20130222 0.022853 0.054158
20130222 0.022853 0.054158
20130222 0.022853 0.054158
20130222 0.022853 0.054158
20130223 0.020194 0.047856
20130223 0.020194 0.047856
20130223 0.020194 0.047856
20130224 0.020194 0.047856
20130224 0.020194 0.047856
20130224 0.020194 0.047856
20130224 0.020194 0.047856
20130225 0.020194 0.047856
20130225 0.020194 0.047856
20130225 0.020194 0.047856
20130225 0.020194 0.047856
20130226 0.020194 0.047856
20130226 0.020194 0.047856
20130226 0.020194 0.047856
20130226 0.019357 0.045873
20130227 0.019357 0.045873
20130227 0.019357 0.045873
20130227 0.019357 0.045873
20130227 0.019357 0.045873
20130228 0.019357 0.045873
20130228 0.019357 0.045873
20130228 0.019357 0.045873
20130228 0.019357 0.045873
20130301 0.019357 0.045873
20130301 0.019357 0.045873
20130301 0.019357 0.045873
20130301 0.019357 0.045873
20130301 0.019357 0.045873
20130302 0.021540 0.051046
20130302 0.021540 0.051046
20130302 0.021540 0.051046
20130302 0.021540 0.051046
20130302 0.021540 0.051046
20130302 0.021540 0.051046
20130303 0.021540 0.051046
20130303 0.021540 0.051046
20130303 0.021540 0.051046
20130303 0.021540 0.051046
20130303 0.021540 0.051046
20130303 0.021540 0.051046
20130304 0.021540 0.051046
20130304 0.021540 0.051046
20130304 0.030925 0.073288
20130304 0.030925 0.073288
20130304 0.030925 0.073288
20130305 0.030925 0.073288
20130305 0.030925 0.073288
20130305 0.030925 0.073288
20130305 0.030925 0.073288
20130305 0.030925 0.073288
20130306 0.030925 0.073288
20130306 0.030925 0.073288
20130306 0.030925 0.073288
20130306 0.030925 0.073288
20130306 0.030925 0.073288
20130306 0.030925 0.073288
20130306 0.043103 0.102147
20130307 0.043103 0.102147
20130307 0.043103 0.102147
20130307 0.043103 0.102147
20130307 0.043103 0.102147
20130308 0.043103 0.102147
20130308 0.043103 0.102147
20130308 0.043103 0.102147
20130308 0.043103 0.102147
20130309 0.043103 0.102147
20130309 0.043103 0.102147
20130309 0.043103 0.102147
20130309 0.043103 0.102147
20130309 0.043103 0.102147
20130310 0.047591 0.112784
20130310 0.047591 0.112784
20130310 0.047591 0.112784
20130310 0.047591 0.112784
20130311 0.047591 0.112784
20130311 0.047591 0.112784
20130311 0.047591 0.112784
20130311 0.047591 0.112784
20130311 0.047591 0.112784
20130311 0.047591 0.112784
20130312 0.047591 0.112784
20130312 0.047591 0.112784
20130312 0.047591 0.112784
20130312 0.047591 0.112784
20130312 0.066311 0.157149
20130312 0.066311 0.157149
20130313 0.066311 0.157149
20130313 0.066311 0.157149
20130313 0.066311 0.157149
20130313 0.066311 0.157149
20130313 0.066311 0.157149
20130313 0.066311 0.157149
20130314 0.066311 0.157149
20130314 0.066311 0.157149
20130314 0.066311 0.157149
20130314 0.066311 0.157149
20130314 0.066311 0.157149
20130314 0.066311 0.157149
20130314 0.103061 0.244240
20130315 0.103061 0.244240
20130315 0.103061 0.244240
20130315 0.103061 0.244240
20130315 0.103061 0.244240
20130316 0.103061 0.244240
20130316 0.103061 0.244240
20130316 0.103061 0.244240
20130316 0.103061 0.244240
20130316 0.103061 0.244240
20130317 0.103061 0.244240
20130317 0.103061 0.244240
20130317 0.103061 0.244240
20130317 0.103061 0.244240
20130317 0.117656 0.278830
20130318 0.117656 0.278830
20130318 0.117656 0.278830
20130318 0.117656 0.278830
20130318 0.117656 0.278830
20130319 0.117656 0.278830
20130319 0.117656 0.278830
20130319 0.117656 0.278830
20130320 0.117656 0.278830
20130320 0.117656 0.278830
20130320 0.117656 0.278830
20130321 0.117656 0.278830
20130321 0.117656 0.278830
20130322 0.117656 0.278830
20130322 0.083935 0.198915
20130323 0.083935 0.198915
20130323 0.083935 0.198915
20130323 0.083935 0.198915
20130323 0.083935 0.198915
20130324 0.083935 0.198915
20130324 0.083935 0.198915
20130324 0.083935 0.198915
20130324 0.083935 0.198915
20130325 0.083935 0.198915
20130325 0.083935 0.198915
20130325 0.083935 0.198915
20130325 0.083935 0.198915
20130325 0.083935 0.198915
20130325 0.095823 0.227087
20130326 0.095823 0.227087
20130326 0.095823 0.227087
20130326 0.095823 0.227087
20130326 0.095823 0.227087
20130326 0.095823 0.227087
20130327 0.095823 0.227087
20130327 0.095823 0.227087
20130327 0.095823 0.227087
20130327 0.095823 0.227087
20130327 0.095823 0.227087
20130328 0.095823 0.227087
20130328 0.095823 0.227087
20130328 0.095823 0.227087
20130328 0.117710 0.278957
20130329 0.117710 0.278957
20130329 0.117710 0.278957
20130329 0.117710 0.278957
20130329 0.117710 0.278957
20130330 0.117710 0.278957
20130330 0.117710 0.278957
20130330 0.117710 0.278957
20130330 0.117710 0.278957
20130331 0.117710 0.278957
20130331 0.117710 0.278957
20130331 0.117710 0.278957
20130331 0.117710 0.278957
20130331 0.117710 0.278957
20130401 0.123031 0.291566
20130401 0.123031 0.291566
20130401 0.123031 0.291566
20130401 0.123031 0.291566
20130401 0.123031 0.291566
20130402 0.123031 0.291566
20130402 0.123031 0.291566
20130402 0.123031 0.291566
20130402 0.123031 0.291566
20130402 0.123031 0.291566
20130402 0.123031 0.291566
20130403 0.123031 0.291566
20130403 0.123031 0.291566
20130403 0.123031 0.291566
20130403 0.187425 0.444170
20130403 0.187425 0.444170
20130403 0.187425 0.444170
20130404 0.187425 0.444170
20130404 0.187425 0.444170
20130404 0.187425 0.444170
20130404 0.187425 0.444170
20130404 0.187425 0.444170
20130404 0.187425 0.444170
20130405 0.187425 0.444170
20130405 0.187425 0.444170
20130405 0.187425 0.444170
20130405 0.187425 0.444170
20130405 0.187425 0.444170
20130406 0.251799 0.596729
20130406 0.251799 0.596729
20130406 0.251799 0.596729
20130406 0.251799 0.596729
20130407 0.251799 0.596729
20130407 0.251799 0.596729
20130407 0.251799 0.596729
20130407 0.251799 0.596729
20130407 0.251799 0.596729
20130408 0.251799 0.596729
20130408 0.251799 0.596729
20130408 0.251799 0.596729
20130408 0.251799 0.596729
20130408 0.251799 0.596729
20130409 0.286884 0.679876
20130409 0.286884 0.679876
20130409 0.286884 0.679876
20130409 0.286884 0.679876
20130409 0.286884 0.679876
20130410 0.286884 0.679876
20130410 0.286884 0.679876
20130410 0.286884 0.679876
20130410 0.286884 0.679876
20130410 0.286884 0.679876
20130411 0.286884 0.679876
20130411 0.286884 0.679876
20130411 0.286884 0.679876
20130411 0.286884 0.679876
20130411 0.358971 0.850712
20130412 0.358971 0.850712
20130412 0.358971 0.850712
20130412 0.358971 0.850712
20130412 0.358971 0.850712
20130413 0.358971 0.850712
20130413 0.358971 0.850712
20130413 0.358971 0.850712
20130413 0.358971 0.850712
20130414 0.358971 0.850712
20130414 0.358971 0.850712
20130414 0.358971 0.850712
20130414 0.358971 0.850712
20130414 0.358971 0.850712
20130415 0.395576 0.937462
20130415 0.395576 0.937462
20130415 0.395576 0.937462
20130415 0.395576 0.937462
20130416 0.395576 0.937462
20130416 0.395576 0.937462
20130416 0.395576 0.937462
20130416 0.395576 0.937462
20130416 0.395576 0.937462
20130417 0.395576 0.937462
20130417 0.395576 0.937462
20130417 0.395576 0.937462
20130417 0.395576 0.937462
20130417 0.395576 0.937462
20130418 0.445851 1.056605
20130418 0.445851 1.056605
20130418 0.445851 1.056605
20130418 0.445851 1.056605
20130419 0.445851 1.056605
20130419 0.445851 1.056605
20130419 0.445851 1.056605
20130419 0.445851 1.056605
20130420 0.445851 1.056605
20130420 0.445851 1.056605
20130420 0.445851 1.056605
20130420 0.445851 1.056605
20130421 0.445851 1.056605
20130421 0.445851 1.056605
20130421 0.458804 1.087303
20130421 0.458804 1.087303
20130422 0.458804 1.087303
20130422 0.458804 1.087303
20130422 0.458804 1.087303
20130422 0.458804 1.087303
20130422 0.458804 1.087303
20130423 0.458804 1.087303
20130423 0.458804 1.087303
20130423 0.458804 1.087303
20130423 0.458804 1.087303
20130424 0.458804 1.087303
20130424 0.458804 1.087303
20130424 0.458804 1.087303
20130424 0.495360 1.173936
20130425 0.495360 1.173936
20130425 0.495360 1.173936
20130425 0.495360 1.173936
20130425 0.495360 1.173936
20130426 0.495360 1.173936
20130426 0.495360 1.173936
20130426 0.495360 1.173936
20130426 0.495360 1.173936
20130426 0.495360 1.173936
20130427 0.495360 1.173936
20130427 0.495360 1.173936
20130427 0.495360 1.173936
20130427 0.495360 1.173936
20130428 0.535885 1.269973
20130428 0.535885 1.269973
20130428 0.535885 1.269973
20130428 0.535885 1.269973
20130428 0.535885 1.269973
20130429 0.535885 1.269973
20130429 0.535885 1.269973
20130429 0.535885 1.269973
20130429 0.535885 1.269973
20130430 0.535885 1.269973
20130430 0.535885 1.269973
20130430 0.535885 1.269973
20130430 0.535885 1.269973
20130501 0.535885 1.269973
20130501 0.590428 1.399234
20130501 0.590428 1.399234
20130501 0.590428 1.399234
20130501 0.590428 1.399234
20130502 0.590428 1.399234
20130502 0.590428 1.399234
20130502 0.590428 1.399234
20130503 0.590428 1.399234
20130503 0.590428 1.399234
20130503 0.590428 1.399234
20130504 0.590428 1.399234
20130504 0.590428 1.399234
20130504 0.590428 1.399234
20130505 0.590428 1.399234
20130505 0.485243 1.149960
20130505 0.485243 1.149960
20130506 0.485243 1.149960
20130506 0.485243 1.149960
20130506 0.485243 1.149960
20130506 0.485243 1.149960
20130506 0.485243 1.149960
20130507 0.485243 1.149960
20130507 0.485243 1.149960
20130507 0.485243 1.149960
20130507 0.485243 1.149960
20130507 0.485243 1.149960
20130508 0.485243 1.149960
20130508 0.485243 1.149960
20130508 0.574871 1.362365
20130508 0.574871 1.362365
20130508 0.574871 1.362365
20130509 0.574871 1.362365
20130509 0.574871 1.362365
20130509 0.574871 1.362365
20130509 0.574871 1.362365
20130509 0.574871 1.362365
20130510 0.574871 1.362365
20130510 0.574871 1.362365
20130510 0.574871 1.362365
20130510 0.574871 1.362365
20130510 0.574871 1.362365
20130511 0.574871 1.362365
20130511 0.730384 1.730911
20130511 0.730384 1.730911
20130511 0.730384 1.730911
20130511 0.730384 1.730911
20130512 0.730384 1.730911
20130512 0.730384 1.730911
20130512 0.730384 1.730911
20130512 0.730384 1.730911
20130513 0.730384 1.730911
20130513 0.730384 1.730911
20130513 0.730384 1.730911
20130513 0.730384 1.730911
20130514 0.730384 1.730911
20130514 0.730384 1.730911
20130514 0.740944 1.755936
20130514 0.740944 1.755936
20130515 0.740944 1.755936
20130515 0.740944 1.755936
20130515 0.740944 1.755936
20130515 0.740944 1.755936
20130516 0.740944 1.755936
20130516 0.740944 1.755936
20130516 0.740944 1.755936
20130516 0.740944 1.755936
20130517 0.740944 1.755936
20130517 0.740944 1.755936
20130517 0.740944 1.755936
20130518 0.740944 1.755936
20130518 0.725684 1.719772
20130518 0.725684 1.719772
20130518 0.725684 1.719772
20130519 0.725684 1.719772
20130519 0.725684 1.719772
20130519 0.725684 1.719772
20130519 0.725684 1.719772
20130520 0.725684 1.719772
20130520 0.725684 1.719772
20130520 0.725684 1.719772
20130520 0.725684 1.719772
20130521 0.725684 1.719772
20130521 0.725684 1.719772
20130521 0.725684 1.719772
20130521 0.682949 1.618495
20130522 0.682949 1.618495
20130522 0.682949 1.618495
20130522 0.682949 1.618495
20130523 0.682949 1.618495
20130523 0.682949 1.618495
20130523 0.682949 1.618495
20130523 0.682949 1.618495
20130523 0.682949 1.618495
20130524 0.682949 1.618495
20130524 0.682949 1.618495
20130524 0.682949 1.618495
20130524 0.682949 1.618495
20130525 0.682949 1.618495
20130525 0.728874 1.727332
20130525 0.728874 1.727332
20130525 0.728874 1.727332
20130525 0.728874 1.727332
20130526 0.728874 1.727332
20130526 0.728874 1.727332
20130526 0.728874 1.727332
20130526 0.728874 1.727332
20130527 0.728874 1.727332
20130527 0.728874 1.727332
20130527 0.728874 1.727332
20130527 0.728874 1.727332
20130528 0.728874 1.727332
20130528 0.728874 1.727332
20130528 0.737054 1.746718
20130528 0.737054 1.746718
20130529 0.737054 1.746718
20130529 0.737054 1.746718
20130529 0.737054 1.746718
20130529 0.737054 1.746718
20130530 0.737054 1.746718
20130530 0.737054 1.746718
20130530 0.737054 1.746718
20130530 0.737054 1.746718
20130531 0.737054 1.746718
20130531 0.737054 1.746718
20130531 0.737054 1.746718
20130531 0.737054 1.746718
20130601 0.762545 1.807128
20130601 0.762545 1.807128
20130601 0.762545 1.807128
20130601 0.762545 1.807128
20130602 0.762545 1.807128
20130602 0.762545 1.807128
20130602 0.762545 1.807128
20130602 0.762545 1.807128
20130603 0.762545 1.807128
20130603 0.762545 1.807128
20130603 0.762545 1.807128
20130603 0.762545 1.807128
20130604 0.762545 1.807128
20130604 0.762545 1.807128
20130604 0.739825 1.753283
20130604 0.739825 1.753283
20130605 0.739825 1.753283
20130605 0.739825 1.753283
20130605 0.739825 1.753283
20130605 0.739825 1.753283
20130606 0.739825 1.753283
20130606 0.739825 1.753283
20130606 0.739825 1.753283
20130606 0.739825 1.753283
20130607 0.739825 1.753283
20130607 0.739825 1.753283
20130607 0.739825 1.753283
20130607 0.739825 1.753283
20130608 0.781344 1.851678
20130608 0.781344 1.851678
20130608 0.781344 1.851678
20130608 0.781344 1.851678
20130608 0.781344 1.851678
20130609 0.781344 1.851678
20130609 0.781344 1.851678
20130609 0.781344 1.851678
20130609 0.781344 1.851678
20130610 0.781344 1.851678
20130610 0.781344 1.851678
20130610 0.781344 1.851678
20130610 0.781344 1.851678
20130611 0.781344 1.851678
20130611 0.796030 1.886482
20130611 0.796030 1.886482
20130611 0.796030 1.886482
20130612 0.796030 1.886482
20130612 0.796030 1.886482
20130612 0.796030 1.886482
20130612 0.796030 1.886482
20130613 0.796030 1.886482
20130613 0.796030 1.886482
20130613 0.796030 1.886482
20130613 0.796030 1.886482
20130614 0.796030 1.886482
20130614 0.796030 1.886482
20130614 0.796030 1.886482
20130614 0.872529 2.067775
20130614 0.872529 2.067775
20130615 0.872529 2.067775
20130615 0.872529 2.067775
20130615 0.872529 2.067775
20130616 0.872529 2.067775
20130616 0.872529 2.067775
20130616 0.872529 2.067775
20130617 0.872529 2.067775
20130617 0.872529 2.067775
20130617 0.872529 2.067775
20130617 0.872529 2.067775
20130618 0.872529 2.067775
20130618 0.872529 2.067775
20130618 0.775516 1.837866
20130618 0.775516 1.837866
20130619 0.775516 1.837866
20130619 0.775516 1.837866
20130619 0.775516 1.837866
20130619 0.775516 1.837866
20130619 0.775516 1.837866
20130620 0.775516 1.837866
20130620 0.775516 1.837866
20130620 0.775516 1.837866
20130620 0.775516 1.837866
20130620 0.775516 1.837866
20130621 0.775516 1.837866
20130621 0.775516 1.837866
20130621 0.913292 2.164378
20130621 0.913292 2.164378
20130622 0.913292 2.164378
20130622 0.913292 2.164378
20130622 0.913292 2.164378
20130622 0.913292 2.164378
20130623 0.913292 2.164378
20130623 0.913292 2.164378
20130623 0.913292 2.164378
20130623 0.913292 2.164378
20130624 0.913292 2.164378
20130624 0.913292 2.164378
20130624 0.913292 2.164378
20130624 0.913292 2.164378
20130624 0.941866 2.232092
20130625 0.941866 2.232092
20130625 0.941866 2.232092
20130625 0.941866 2.232092
20130625 0.941866 2.232092
20130626 0.941866 2.232092
20130626 0.941866 2.232092
20130626 0.941866 2.232092
20130626 0.941866 2.232092
20130627 0.941866 2.232092
20130627 0.941866 2.232092
20130627 0.941866 2.232092
20130627 0.941866 2.232092
20130628 0.941866 2.232092
20130628 0.989385 2.344708
20130628 0.989385 2.344708
20130628 0.989385 2.344708
20130628 0.989385 2.344708
20130629 0.989385 2.344708
20130629 0.989385 2.344708
20130629 0.989385 2.344708
20130629 0.989385 2.344708
20130630 0.989385 2.344708
20130630 0.989385 2.344708
20130630 0.989385 2.344708
20130630 0.989385 2.344708
20130701 0.989385 2.344708
20130701 0.989385 2.344708
20130701 1.029666 2.440168
20130701 1.029666 2.440168
20130702 1.029666 2.440168
20130702 1.029666 2.440168
20130702 1.029666 2.440168
20130702 1.029666 2.440168
20130703 1.029666 2.440168
20130703 1.029666 2.440168
20130703 1.029666 2.440168
20130703 1.029666 2.440168
20130703 1.029666 2.440168
20130704 1.029666 2.440168
20130704 1.029666 2.440168
20130704 1.029666 2.440168
20130704 1.112672 2.636880
20130705 1.112672 2.636880
20130705 1.112672 2.636880
20130705 1.112672 2.636880
20130705 1.112672 2.636880
20130706 1.112672 2.636880
20130706 1.112672 2.636880
20130706 1.112672 2.636880
20130707 1.112672 2.636880
20130707 1.112672 2.636880
20130707 1.112672 2.636880
20130707 1.112672 2.636880
20130708 1.112672 2.636880
20130708 1.112672 2.636880
20130708 1.069564 2.534721
20130708 1.069564 2.534721
20130708 1.069564 2.534721
20130709 1.069564 2.534721
20130709 1.069564 2.534721
20130709 1.069564 2.534721
20130709 1.069564 2.534721
20130710 1.069564 2.534721
20130710 1.069564 2.534721
20130710 1.069564 2.534721
20130710 1.069564 2.534721
20130711 1.069564 2.534721
20130711 1.069564 2.534721
20130711 1.069564 2.534721
20130711 1.129612 2.677025
20130712 1.129612 2.677025
20130712 1.129612 2.677025
20130712 1.129612 2.677025
20130712 1.129612 2.677025
20130713 1.129612 2.677025
20130713 1.129612 2.677025
20130713 1.129612 2.677025
20130713 1.129612 2.677025
20130714 1.129612 2.677025
20130714 1.129612 2.677025
20130714 1.129612 2.677025
20130715 1.129612 2.677025
20130715 1.129612 2.677025
20130715 1.081413 2.562800
20130715 1.081413 2.562800
20130715 1.081413 2.562800
20130716 1.081413 2.562800
20130716 1.081413 2.562800
20130716 1.081413 2.562800
20130716 1.081413 2.562800
20130717 1.081413 2.562800
20130717 1.081413 2.562800
20130717 1.081413 2.562800
20130717 1.081413 2.562800
20130717 1.081413 2.562800
20130718 1.081413 2.562800
20130718 1.081413 2.562800
20130718 1.171660 2.776673
20130718 1.171660 2.776673
20130719 1.171660 2.776673
20130719 1.171660 2.776673
20130719 1.171660 2.776673
20130720 1.171660 2.776673
20130720 1.171660 2.776673
20130720 1.171660 2.776673
20130720 1.171660 2.776673
20130721 1.171660 2.776673
20130721 1.171660 2.776673
20130721 1.171660 2.776673
20130721 1.171660 2.776673
20130722 1.171660 2.776673
20130722 1.094190 2.593080
20130722 1.094190 2.593080
20130722 1.094190 2.593080
20130723 1.094190 2.593080
20130723 1.094190 2.593080
20130723 1.094190 2.593080
20130723 1.094190 2.593080
20130724 1.094190 2.593080
20130724 1.094190 2.593080
20130724 1.094190 2.593080
20130724 1.094190 2.593080
20130725 1.094190 2.593080
20130725 1.094190 2.593080
20130725 1.094190 2.593080
20130725 1.117181 2.647566
20130726 1.117181 2.647566
20130726 1.117181 2.647566
20130726 1.117181 2.647566
20130726 1.117181 2.647566
20130727 1.117181 2.647566
20130727 1.117181 2.647566
20130727 1.117181 2.647566
20130727 1.117181 2.647566
20130728 1.117181 2.647566
20130728 1.117181 2.647566
20130728 1.117181 2.647566
20130728 1.117181 2.647566
20130729 1.117181 2.647566
20130729 1.092177 2.588310
20130729 1.092177 2.588310
20130729 1.092177 2.588310
20130730 1.092177 2.588310
20130730 1.092177 2.588310
20130730 1.092177 2.588310
20130731 1.092177 2.588310
20130731 1.092177 2.588310
20130731 1.092177 2.588310
20130731 1.092177 2.588310
20130801 1.092177 2.588310
20130801 1.092177 2.588310
20130801 1.092177 2.588310
20130802 1.092177 2.588310
20130802 1.005754 2.383499
20130802 1.005754 2.383499
20130802 1.005754 2.383499
20130803 1.005754 2.383499
20130803 1.005754 2.383499
20130803 1.005754 2.383499
20130803 1.005754 2.383499
20130804 1.005754 2.383499
20130804 1.005754 2.383499
20130804 1.005754 2.383499
20130804 1.005754 2.383499
20130805 1.005754 2.383499
20130805 1.005754 2.383499
20130805 1.005754 2.383499
20130805 1.025937 2.431330
20130805 1.025937 2.431330
20130806 1.025937 2.431330
20130806 1.025937 2.431330
20130806 1.025937 2.431330
20130806 1.025937 2.431330
20130807 1.025937 2.431330
20130807 1.025937 2.431330
20130807 1.025937 2.431330
20130807 1.025937 2.431330
20130808 1.025937 2.431330
20130808 1.025937 2.431330
20130808 1.025937 2.431330
20130808 1.025937 2.431330
20130809 1.061844 2.516426
20130809 1.061844 2.516426
20130809 1.061844 2.516426
20130809 1.061844 2.516426
20130810 1.061844 2.516426
20130810 1.061844 2.516426
20130810 1.061844 2.516426
20130810 1.061844 2.516426
20130811 1.061844 2.516426
20130811 1.061844 2.516426
20130811 1.061844 2.516426
20130811 1.061844 2.516426
20130812 1.061844 2.516426
20130812 1.061844 2.516426
20130812 1.041878 2.469109
20130812 1.041878 2.469109
20130813 1.041878 2.469109
20130813 1.041878 2.469109
20130813 1.041878 2.469109
20130813 1.041878 2.469109
20130814 1.041878 2.469109
20130814 1.041878 2.469109
20130814 1.041878 2.469109
20130814 1.041878 2.469109
20130814 1.041878 2.469109
20130815 1.041878 2.469109
20130815 1.041878 2.469109
20130815 1.041878 2.469109
20130815 1.117487 2.648291
20130816 1.117487 2.648291
20130816 1.117487 2.648291
20130816 1.117487 2.648291
20130816 1.117487 2.648291
20130817 1.117487 2.648291
20130817 1.117487 2.648291
20130817 1.117487 2.648291
20130818 1.117487 2.648291
20130818 1.117487 2.648291
20130818 1.117487 2.648291
20130818 1.117487 2.648291
20130819 1.117487 2.648291
20130819 1.117487 2.648291
20130819 1.062065 2.516948
20130819 1.062065 2.516948
20130820 1.062065 2.516948
20130820 1.062065 2.516948
20130820 1.062065 2.516948
20130820 1.062065 2.516948
20130820 1.062065 2.516948
20130821 1.062065 2.516948
20130821 1.062065 2.516948
20130821 1.062065 2.516948
20130821 1.062065 2.516948
20130822 1.062065 2.516948
20130822 1.062065 2.516948
20130822 1.062065 2.516948
20130822 1.197478 2.837860
20130822 1.197478 2.837860
20130823 1.197478 2.837860
20130823 1.197478 2.837860
20130823 1.197478 2.837860
20130823 1.197478 2.837860
20130824 1.197478 2.837860
20130824 1.197478 2.837860
20130824 1.197478 2.837860
20130824 1.197478 2.837860
20130825 1.197478 2.837860
20130825 1.197478 2.837860
20130825 1.197478 2.837860
20130825 1.197478 2.837860
20130826 1.186260 2.811274
20130826 1.186260 2.811274
20130826 1.186260 2.811274
20130827 1.186260 2.811274
20130827 1.186260 2.811274
20130827 1.186260 2.811274
20130827 1.186260 2.811274
20130828 1.186260 2.811274
20130828 1.186260 2.811274
20130828 1.186260 2.811274
20130828 1.186260 2.811274
20130829 1.186260 2.811274
20130829 1.186260 2.811274
20130829 1.186260 2.811274
20130829 1.143831 2.710722
20130830 1.143831 2.710722
20130830 1.143831 2.710722
20130830 1.143831 2.710722
20130830 1.143831 2.710722
20130830 1.143831 2.710722
20130831 1.143831 2.710722
20130831 1.143831 2.710722
20130831 1.143831 2.710722
20130831 1.143831 2.710722
20130831 1.143831 2.710722
20130901 1.143831 2.710722
20130901 1.143831 2.710722
20130901 1.143831 2.710722
20130901 1.348853 3.196598
20130902 1.348853 3.196598
20130902 1.348853 3.196598
20130902 1.348853 3.196598
20130903 1.348853 3.196598
20130903 1.348853 3.196598
20130903 1.348853 3.196598
20130903 1.348853 3.196598
20130904 1.348853 3.196598
20130904 1.348853 3.196598
20130904 1.348853 3.196598
20130905 1.348853 3.196598
20130905 1.348853 3.196598
20130905 1.348853 3.196598
20130905 1.148992 2.722953
20130906 1.148992 2.722953
20130906 1.148992 2.722953
20130906 1.148992 2.722953
20130906 1.148992 2.722953
20130906 1.148992 2.722953
20130907 1.148992 2.722953
20130907 1.148992 2.722953
20130907 1.148992 2.722953
20130907 1.148992 2.722953
20130907 1.148992 2.722953
20130908 1.148992 2.722953
20130908 1.148992 2.722953
20130908 1.148992 2.722953
20130908 1.381049 3.272896
20130909 1.381049 3.272896
20130909 1.381049 3.272896
20130909 1.381049 3.272896
20130910 1.381049 3.272896
20130910 1.381049 3.272896
20130910 1.381049 3.272896
20130911 1.381049 3.272896
20130911 1.381049 3.272896
20130911 1.381049 3.272896
20130911 1.381049 3.272896
20130912 1.381049 3.272896
20130912 1.381049 3.272896
20130912 1.381049 3.272896
20130912 1.187043 2.813130
20130913 1.187043 2.813130
20130913 1.187043 2.813130
20130913 1.187043 2.813130
20130913 1.187043 2.813130
20130914 1.187043 2.813130
20130914 1.187043 2.813130
20130914 1.187043 2.813130
20130914 1.187043 2.813130
20130915 1.187043 2.813130
20130915 1.187043 2.813130
20130915 1.187043 2.813130
20130915 1.187043 2.813130
20130915 1.187043 2.813130
20130916 1.263715 2.994832
20130916 1.263715 2.994832
20130916 1.263715 2.994832
20130916 1.263715 2.994832
20130917 1.263715 2.994832
20130917 1.263715 2.994832
20130917 1.263715 2.994832
20130917 1.263715 2.994832
20130918 1.263715 2.994832
20130918 1.263715 2.994832
20130918 1.263715 2.994832
20130918 1.263715 2.994832
20130919 1.263715 2.994832
20130919 1.263715 2.994832
20130919 1.371257 3.249691
20130919 1.371257 3.249691
20130919 1.371257 3.249691
20130920 1.371257 3.249691
20130920 1.371257 3.249691
20130920 1.371257 3.249691
20130921 1.371257 3.249691
20130921 1.371257 3.249691
20130921 1.371257 3.249691
20130921 1.371257 3.249691
20130922 1.371257 3.249691
20130922 1.371257 3.249691
20130922 1.371257 3.249691
20130922 1.371257 3.249691
20130923 1.305039 3.092763
20130923 1.305039 3.092763
20130923 1.305039 3.092763
20130923 1.305039 3.092763
20130924 1.305039 3.092763
20130924 1.305039 3.092763
20130924 1.305039 3.092763
20130924 1.305039 3.092763
20130925 1.305039 3.092763
20130925 1.305039 3.092763
20130925 1.305039 3.092763
20130925 1.305039 3.092763
20130925 1.305039 3.092763
20130926 1.305039 3.092763
20130926 1.431498 3.392454
20130926 1.431498 3.392454
20130926 1.431498 3.392454
20130927 1.431498 3.392454
20130927 1.431498 3.392454
20130927 1.431498 3.392454
20130927 1.431498 3.392454
20130928 1.431498 3.392454
20130928 1.431498 3.392454
20130928 1.431498 3.392454
20130929 1.431498 3.392454
20130929 1.431498 3.392454
20130929 1.431498 3.392454
20130929 1.431498 3.392454
20130930 1.302375 3.086450
20130930 1.302375 3.086450
20130930 1.302375 3.086450
20130930 1.302375 3.086450
20131001 1.302375 3.086450
20131001 1.302375 3.086450
20131001 1.302375 3.086450
20131001 1.302375 3.086450
20131002 1.302375 3.086450
20131002 1.302375 3.086450
20131002 1.302375 3.086450
20131002 1.302375 3.086450
20131003 1.302375 3.086450
20131003 1.302375 3.086450
20131003 1.298233 3.076634
