20130704 78.89 81.5 72.0 78.5 37236.73154067 2860953.1861406 76.831479771954
20130703 90.40502 91.2 76.0 78.89 73017.06371949 6073317.6922233 83.176690253598
20130702 88.05 92.57 87.51 90.40502 27396.38243066 2466507.4280215 90.030405812307
20130701 97.51 98.1801 86.011 88.05 52796.19895217 4817325.3556354 91.24379124339
20130628 101.73678 101.78799 92.25 94.66 47455.08828225 4594020.5738051 96.807755292358
20130627 104.0 104.0 100.055 101.73678 14516.4612223 1481838.8903889 102.07989865413
20130626 103.32933 105.4899 101.8322 104.0 13074.00919462 1361155.0078804 104.11152291681
20130625 102.09 109.98 100.0 103.32933 93495.86718208 9737161.7402378 104.14537063199
20130624 107.90001 108.334 100.761 102.09 28755.72057729 2970209.4330217 103.29107994489
20130621 111.29 115.005 107.56 109.5 37916.61331617 4221551.7396642 111.33778495623
20130620 108.251 114.48 107.12222 111.29 42909.53046552 4774161.1047796 111.26108938936
20130619 107.34998 110.9863 104.6603 108.251 17420.99530697 1879212.3171983 107.87054838631
20130618 101.95 113.3 101.03311 107.34998 60446.30587482 6491826.4666252 107.39823340189
20130617 99.9 102.4 98.9 101.95 15024.77300982 1516435.3601321 100.92900299664
20130614 103.949 104.7 97.1 100.0 35923.52523833 3615245.1218114 100.63725922851
20130613 108.77592 110.3 100.3 103.949 30276.66270775 3186391.5754049 105.24249670982
20130612 109.0 112.25 106.0 108.77592 17540.53639131 1916593.9877592 109.26655519547
20130611 106.35001 109.6 103.23021 109.0 15933.44765096 1704624.5158578 106.98403466717
20130610 100.43743 110.63051 95.0 106.35001 64125.61353956 6764668.7331722 105.4909007459
20130607 118.9699 119.13333 106.15 111.0 65643.2840508 7357062.3178378 112.07639020839
20130606 121.90001 123.29999 117.0 118.9699 21921.96967416 2623564.819294 119.67742216095
20130605 121.39997 123.5 119.5 121.90001 16591.69071469 2015275.8438433 121.46295868805
20130604 120.73716 123.99 118.78525 121.39997 21749.72552577 2633256.9382818 121.0708123724
20130603 122.5 122.78483 115.111 120.73716 28795.28913604 3426873.3970468 119.00812597703
20130531 128.79901 130.0 126.33 128.81505 16466.87087304 2110227.3380183 128.14986856266
20130530 132.25 132.4 126.5 128.79901 24566.45307206 3179031.5988959 129.40539643924
20130529 128.99996 132.71988 127.6 132.25 19177.31065412 2500237.3946863 130.37476629441
20130528 129.76999 130.62998 125.4 128.99996 22748.69803309 2911329.3922383 127.97784682021
20130527 133.5 135.47 124.0 129.76999 46796.58527778 6052716.4703216 129.34098576623
20130524 126.3 133.98 125.35502 133.1 48649.98790055 6317090.6617404 129.84773345996
20130523 123.8 126.93446 123.0 126.3 22045.49819667 2762861.5549805 125.32543063136
20130522 122.89001 124.5 122.0 123.8 18198.48063197 2238395.810672 122.99904898323
20130521 122.02 123.08085 121.1 122.89001 13313.67351119 1628026.6679233 122.28230371992
20130520 122.5 123.69 120.1 122.02 17238.1178932 2108418.9371372 122.31143505342
20130517 118.21 125.5555 116.5712 123.49997 79063.32514882 9600699.7105262 121.43050766528
20130516 114.22 118.96999 112.1 118.21 45071.68219683 5202992.3728892 115.43816692192
20130515 111.4 116.44 103.01847 114.22 117898.23044997 12997994.797321 110.24758172971
20130514 117.97968 119.80002 109.42198 111.4 87726.09301206 10075279.732549 114.84929268609
20130513 114.82002 118.88 114.5002 117.97968 26134.01092179 3058207.49451 117.02021184817
20130510 112.799 122.5 111.54 117.7 77443.67268052 9140709.0839639 118.03041833608
20130509 113.2 113.71852 108.8 112.799 26894.45820435 3003068.4106597 111.66123473623
20130508 109.60013 116.777 109.5 113.2 61680.32470352 6990518.9576114 113.33466532824
20130507 112.25 114.0 97.52 109.60013 139626.72485982 14898971.673747 106.70573050184
20130506 115.98 124.9 106.01 112.25 150048.99059031 17604384.715356 117.32424620851
20130503 106.25 109.0 79.0 98.1 246411.17412536 22496255.332558 91.295597338099
20130502 116.37999 126.9 91.11 106.25 234129.1718145 24932099.527333 106.48865040656
20130501 139.2269 140.06 104.0 116.37999 179988.85296113 21787942.85903 121.05162347879
20130430 143.99991 146.93 134.0 139.2269 65198.57714343 9119200.9895243 139.8680981866
20130429 134.44444 149.08 133.0 143.99991 70186.3332034 9983975.0771109 142.24956086789
20130426 141.71002 144.987 121.45164 136.90001 128988.66663839 17058551.427888 132.24845153032
20130425 154.2 162.0 120.089 141.71002 187632.73663185 26844741.737074 143.0706720957
20130424 143.475 166.43438 140.96635 154.2 225857.24378354 34345816.979464 152.06869792665
20130423 127.39999 144.019 124.97 143.475 116098.20804613 15630270.386617 134.62972986117
20130422 119.2 127.39999 118.5 127.39999 59118.34839724 7285334.385257 123.23305002203
20130419 109.01 136.4321 105.54 118.48 257118.5573579 30707765.35493 119.43037356182
20130418 93.07 112.99999 86.0 109.01 172934.67170561 16840477.584844 97.380573940152
20130417 68.35568 98.77799 63.3 93.07 327596.54575037 27933826.141451 85.268988650254
20130416 82.38601 84.5 50.01 68.35568 572185.68517847 37382133.286692 65.332171452405
20130415 89.99999 102.0 71.51 82.38601 236632.25814273 20602989.309496 87.067542993519
20130412 124.9 140.0 54.25 117.0 556289.09667342 47600783.295459 85.568427603757
20130411 165.0 188.7 110.20003 124.9 118645.42545962 18855846.813743 158.92603309986
20130410 230.0 266.0 105.0 165.0 190141.85568736 35109363.413968 184.64826319827
20130409 187.5 240.111 186.5 230.0 105724.63726605 22696282.53377 214.67354365715
20130408 162.30102 194.9 162.59806 187.5 114126.51079875 20713163.113935 181.49300253698
20130405 132.12001 144.94 130.24303 142.32356 68557.50274035 9544390.1574961 139.21729607981
20130404 135.0 142.12 116.39063 132.12001 88124.77812299 11598387.76129 131.61324213609
20130403 117.98 147.0 110.0 135.0 152624.23524145 19519658.713896 127.89357262309
20130402 104.0 118.36 99.0 117.98 81260.79578973 8744282.1018912 107.6076355998
20130401 93.03001 106.0 92.2361 104.0 90527.2949781 9055970.0017705 100.03579587749
20130329 86.18 93.06 83.01 90.5 83152.74838396 7382080.8559445 88.777352515848
20130328 88.92 95.7 75.00111 86.18 140226.8777256 12257633.946302 87.412870807034
20130327 78.5 89.49999 78.4 88.92 72182.81059689 6126022.7458598 84.86816591378
20130326 73.6 79.72001 73.11 78.5 56654.32890529 4376373.4675629 77.246938621035
20130325 71.5 78.0 69.51777 73.6 79730.06291144 5920116.4589934 74.251997838872
20130322 70.85 73.74999 65.0 69.86501 73168.06589322 5169041.0347315 70.646134643973
20130321 64.4888 74.9 63.101 70.85 94225.81012028 6508438.1651457 69.072774825047
20130320 59.14001 66.0 57.702 64.4888 93128.82524345 5776100.5491538 62.022693124867
20130319 51.60001 62.0 50.0 59.14001 111627.21782206 6182806.0620618 55.38797958682
20130318 47.4 52.875 47.12009 51.60001 65199.78845079 3193717.301679 48.983553130537
20130315 47.1696 47.44999 46.4 46.95 20223.9490743 951174.39355856 47.032080137469
20130314 46.92002 47.99 46.05 47.1696 37034.85271567 1752253.4923544 47.313634694516
20130313 44.28994 47.295 43.7508 46.92002 49497.44277274 2297381.0618134 46.414136430471
20130312 48.39999 48.39999 36.65 44.28994 183404.74853272 8014406.0155319 43.69791992655
20130311 46.0 48.469 45.54 48.39999 41390.17806333 1970814.3513113 47.615507918227
20130308 41.99999 44.5 41.02 44.17999 47095.97435634 2032649.2531665 43.159723966787
20130307 41.0201 45.5 33.3 41.99999 157316.07999743 6439707.7637071 40.934834912059
20130306 40.33 49.099 40.1446 41.0201 126451.71591685 5712472.9256858 45.175131743108
20130305 36.152 40.64625 36.15 40.33 85425.51759707 3361374.9648624 39.34860518747
20130304 34.49999 36.7 34.19 36.152 46771.48670655 1659027.4868429 35.470916228339
20130301 33.38 34.9 32.92 34.5 39786.14331379 1362290.7909226 34.240332876155
20130228 30.9012 34.51541 30.902 33.38 126517.4078196 4136416.3361973 32.694444246719
20130227 31.1 31.65 30.7901 30.9012 30472.77703182 951289.23635162 31.217674561077
20130226 30.39999 31.699 30.1171 31.1 42864.32865341 1329295.4070454 31.01169314452
20130225 29.88999 30.4 29.55 30.39999 26778.95189904 805270.53363473 30.071025059931
20130222 29.74768 31.3 29.67001 30.24539 66951.69405047 2039411.7812945 30.460943673167
20130221 29.64501 29.978 29.311 29.74768 34730.51057645 1030860.6023762 29.681700190011
20130220 29.41759 29.87035 28.98839 29.64501 37209.35876682 1096641.1815241 29.472187048329
20130219 26.95 29.65 26.8 29.41759 99699.25486411 2810076.6137963 28.185532756754
20130218 26.8146 27.148 26.36268 26.95 29744.2740321 795866.42361612 26.756962457958
20130215 27.2205 27.50617 26.103 27.1 51714.14711699 1396017.9740946 26.994895051377
20130214 24.2 27.5969 21.721 27.2205 145734.73864773 3710262.5074995 25.459012325592
20130213 25.16975 26.3 24.19491 24.2 90150.20833226 2296830.7989173 25.477820200393
20130212 24.65 25.82767 24.3001 25.16975 74239.92812121 1862561.323995 25.088404193415
20130211 23.96975 24.67503 23.6456 24.65 29526.73182667 712458.70458251 24.129277454912
20130208 22.15 22.77219 22.0 22.66 48649.92784231 1090678.4762131 22.418912516137
20130207 21.18 22.21999 20.77002 22.15 64263.7684837 1388465.8081375 21.605732761994
20130206 20.60001 21.3339 20.60001 21.18 51989.59854078 1096396.1616384 21.088759913742
20130205 20.43005 20.79 20.2 20.60001 29212.43727786 600949.66716517 20.571705861073
20130204 20.59 21.05 19.85502 20.43005 52219.14099856 1066570.2139902 20.424890061282
20130201 20.41001 21.13 20.301 20.49897 49917.47550495 1034619.1591487 20.726592214106
20130131 19.70001 21.43 19.51123 20.41001 99226.70355772 2042238.6393968 20.581542731679
20130130 19.52538 19.7989 19.14901 19.70001 45064.83281223 877863.49758738 19.48001230239
20130129 18.72101 19.8 18.7 19.52538 86082.08183578 1650126.1803751 19.16921785794
20130128 17.81821 18.88 17.75 18.72101 57669.4396163 1057611.2988053 18.339198470491
20130125 16.89596 17.797 15.38613 17.40001 80767.48550329 1345890.1242782 16.663761610151
20130124 17.50004 19.18999 15.6101 16.89596 172009.10285513 3053222.0943827 17.750351834311
20130123 17.26142 17.5855 16.80155 17.50004 49439.36784845 851188.37307811 17.216813444851
20130122 16.8 17.59 16.65 17.26142 60975.24456117 1045898.9839836 17.152846069103
20130121 15.7 16.98 15.63412 16.8 61502.10362941 1007686.4434835 16.384584981929
20130118 15.50001 15.985 15.41 15.70499 56097.54673445 879655.98932539 15.68082813834
20130117 14.73 15.69999 14.63 15.50001 65489.44437087 993185.63469366 15.165583465164
20130116 14.25003 14.73 14.21001 14.73 45532.48887207 660929.69731699 14.515562704555
20130115 14.30002 14.47899 13.99178 14.25003 51573.22503298 732428.40315714 14.201718094782
20130114 14.11601 14.35 14.11 14.30002 22096.95301732 315016.65727266 14.256112914108
20130111 14.13999 14.34999 13.91001 14.13701 40434.5449653 570677.26691977 14.113606754064
20130110 13.77001 14.32 13.77 14.13999 51811.03423682 727790.47687067 14.047016964457
20130109 13.74275 13.86225 13.62 13.77001 28606.37664488 393192.23663677 13.744915740916
20130108 13.58755 13.87998 13.5 13.74275 42798.37278964 587223.85996136 13.720705290541
20130107 13.45395 13.59 13.404 13.58755 25477.72141758 344083.32992057 13.505263060265
20130104 13.39786 13.52 13.27311 13.5 29641.91633352 397884.35010246 13.423030603879
20130103 13.27999 13.464 13.24897 13.39786 18032.25143367 240845.85710098 13.356394124545
20130102 13.30413 13.4 13.16382 13.27999 17966.80725594 239156.1806222 13.311000514192
20130101 13.51001 13.56 13.16123 13.30413 28406.21099533 378879.35234377 13.3379053055
20121231 13.45001 13.561 13.36634 13.51001 15049.78946684 202798.90632958 13.47519889075
20121228 13.42174 13.6499 13.34201 13.42119 23813.00662928 320223.37072472 13.44741450376
20121227 13.46786 13.47 13.25 13.42174 19822.05115292 265311.79985958 13.384679406424
20121226 13.35001 13.46997 13.20001 13.46786 15840.13421601 211349.13767925 13.342635535602
20121225 13.38001 13.43 13.14 13.35001 13165.68956219 175265.29014037 13.312275768959
20121224 13.31202 13.45 13.2105 13.38001 16692.15035254 223315.17046063 13.378454288045
20121221 13.52463 13.6 13.41999 13.49998 25330.45403736 342557.95120862 13.523561429392
20121220 13.599 13.72 13.32591 13.52463 32980.36148815 446364.01194044 13.534236491035
20121219 13.29899 13.601 13.2 13.599 38807.0971556 520163.0223687 13.40381168638
20121218 13.25005 13.39807 13.11 13.29899 23220.50794475 307326.8453198 13.235147398629
20121217 13.30002 13.485 12.74919 13.25005 63631.25287798 839092.62702003 13.186800338964
20121214 13.7001 13.90119 13.0 13.60004 70143.98038343 951046.01303763 13.558483676559
20121213 13.6989 13.8 13.46777 13.7001 24197.68226053 331480.85786984 13.698868110626
20121212 13.55703 13.79989 13.3 13.6989 37679.22882818 512418.01494279 13.599482549907
20121211 13.43335 13.67 13.3 13.55703 28045.88348231 378671.68610809 13.501863342866
20121210 13.388 13.55 13.26911 13.43335 24664.90027806 331115.248178 13.424552479238
20121207 13.29899 13.549 12.975 13.4999 32799.5701035 437726.60930787 13.345498368625
20121206 13.38 13.6888 12.9 13.29899 46562.54105652 623136.58608422 13.382787363942
20121205 13.41 13.42025 13.15 13.38 29794.92671233 395716.06780828 13.281323751151
20121204 12.67899 13.5 12.62 13.41 63245.71806773 823838.18712881 13.025991518454
20121203 12.50004 12.67901 12.4755 12.67899 26759.60479163 336294.70258261 12.567252214719
20121130 12.45 12.65 12.42423 12.565 24350.31454754 305812.60998548 12.55887719185
20121129 12.34769 12.599 12.15 12.45 26505.34447306 329552.64422101 12.433441284114
20121128 12.2 12.40712 12.1 12.34769 30688.21406363 376900.98477852 12.281620038137
20121127 12.24546 12.339 11.9 12.2 33194.69496668 401692.08497708 12.101092821618
20121126 12.4821 12.6515 11.89 12.24546 35913.82452107 443753.06746852 12.356051559148
20121123 12.42191 12.40999 12.132 12.34501 18967.90361205 233370.92729782 12.30346442448
20121122 11.76999 12.43 11.67 12.42191 58301.30056107 703582.88045428 12.068047773948
20121121 11.73281 11.784 11.6435 11.76999 19227.79815264 225308.72882484 11.717864262784
20121120 11.7999 11.799 11.57297 11.73281 27220.18068296 318291.25141288 11.693208620475
20121119 11.65152 11.84 11.6 11.7999 25197.91663865 295260.74532754 11.717664978487
20121116 11.19771 11.8 11.17214 11.74889 58253.16385073 669422.18560187 11.4916021955
20121115 10.95 11.3 10.86 11.19771 31901.17370856 353356.15617037 11.076587946216
20121114 10.9512 11.05 10.82011 10.95 24543.09088333 268636.83722172 10.945517762972
20121113 11.00801 11.129 10.9215 10.9512 16757.50859308 184368.79382821 11.002160184143
20121112 10.8687 11.18 10.76666 11.00801 39217.16568014 431080.47408204 10.992137412428
20121109 10.925 10.98497 10.79 10.815 14727.1159897 159984.8532461 10.863284661979
20121108 10.92 11.07 10.75 10.925 26058.85283355 284556.11020108 10.919748156938
20121107 10.89899 11.21603 10.8 10.92 31733.85486014 348474.6973841 10.981165033997
20121106 10.748 10.9 10.6667 10.89899 26995.30181861 291515.93671074 10.798765602605
20121105 10.80011 10.88 10.61 10.748 21776.73646239 233650.35713409 10.729355959173
20121102 10.57 10.8 10.33 10.46877 24485.26249317 258957.78698477 10.576067422475
20121101 11.201 11.279 10.4 10.57 50362.10007779 550327.49043279 10.927413463353
20121031 10.88753 11.21 10.70543 11.201 40673.45256869 448359.79497385 11.023401424225
20121030 10.59999 10.89 10.58 10.88753 26023.31914737 279843.07820249 10.75355056047
20121029 10.69998 10.93979 10.3209 10.59999 37574.81035396 400173.50345162 10.650047190709
20121026 10.86158 10.95 9.74 10.17061 98994.69606062 1020616.6677657 10.309811620016
20121025 11.64999 11.6989 10.52 10.86158 84704.8617293 934190.95382095 11.028776090875
20121024 11.65 11.79 11.591 11.64999 21764.65925786 254132.0284633 11.676361456085
20121023 11.71012 12.0 11.41 11.65 54344.49107417 637306.00315019 11.72715008556
20121022 11.63107 11.81 11.4711 11.71012 37622.02828237 440140.36953324 11.699006928329
20121019 11.93977 11.967 11.619 11.74012 23177.45077271 272640.88393082 11.76319546979
20121018 11.81 11.9599 11.75 11.93977 21880.83958827 259855.61705003 11.875943608185
20121017 11.8499 11.95998 11.7 11.81 23553.36283267 279774.85038244 11.878339936851
20121016 11.83807 11.99 11.5 11.8499 41184.66467324 485720.72484508 11.793727803754
20121015 11.7389 11.98863 11.43 11.83807 27101.72213929 317633.18631329 11.720037002845
20121012 12.03 12.15 11.92 12.0 21538.03094273 259522.52882335 12.049501159759
20121011 12.12 12.151 11.85788 12.03 19831.6373248 238483.06835324 12.025384714706
20121010 11.895 12.19 11.767 12.12 27722.07330955 333351.59238386 12.024771331552
20121009 11.77809 12.35 11.5711 11.895 46768.79540771 559694.90917863 11.967272286991
20121008 11.80001 11.95198 10.621 11.77809 97938.39870282 1102329.2182443 11.255332258282
20121005 12.85 12.97 12.51 12.688 31258.44240081 398427.10201635 12.746223785163
20121004 12.89 13.0899 12.6 12.85 37945.14991038 488811.22543509 12.882047549939
20121003 12.84 12.99 12.68001 12.89 32955.07395709 422995.60906489 12.835522979425
20121002 12.4 12.88 12.3435 12.84 50833.35053208 642027.91375067 12.630053046484
20121001 12.4 12.481 12.321 12.4 24826.68787691 307618.78048798 12.39064920835
20120928 12.30889 12.44998 12.12 12.39101 26674.77916096 329436.52381775 12.350112510018
20120927 12.27 12.395 12.207 12.30889 19326.68579086 238051.34710551 12.317235851068
20120926 12.197 12.46 12.02 12.27 23495.17677869 287416.93511532 12.233018624317
20120925 12.1 12.22909 12.008 12.197 21228.60967401 257174.5143469 12.114524610707
20120924 12.19331 12.29888 11.95105 12.1 27291.82514699 330885.0875098 12.123963338022
20120921 12.28253 12.49998 12.011 12.368 35834.78365335 439674.2203238 12.269481646018
20120920 12.5725 12.66 12.25 12.28253 32567.33588153 406467.47359917 12.480832791413
20120919 12.25 12.68666 12.1501 12.5725 41883.00148313 519593.54995028 12.405833668811
20120918 11.89 12.3456 11.8402 12.25 40949.27648593 494030.03129981 12.064438585858
20120917 11.87 11.9625 11.7655 11.89 26612.47988046 316662.26386095 11.899013744054
20120914 11.399 11.799 11.32103 11.67 43259.70420398 500768.37618778 11.5758622349
20120913 11.36489 11.399 11.2201 11.399 20574.31972622 233401.71058094 11.344322130053
20120912 11.33081 11.39 10.78 11.36489 58628.00499192 657004.10355012 11.206318612422
20120911 11.17 11.35 10.878 11.33081 64954.44434566 721708.43897014 11.110993962623
20120910 11.02 11.192 10.8745 11.17 42288.41199357 467067.6721702 11.044814646651
20120907 11.181 11.21 10.9544 11.0 35535.71664885 394463.56633122 11.100481530432
20120906 10.99971 11.29 10.64 11.181 67054.05541809 733288.22017324 10.935777345622
20120905 10.38471 11.17 10.261 10.99971 60767.23812569 653374.16360987 10.752079307248
20120904 10.53 10.53 10.15 10.38471 34878.49139045 359404.18023166 10.304464611393
20120903 10.2041 10.5934 10.08889 10.53 22925.31766028 237264.67886189 10.349460905092
20120831 10.77699 10.8285 9.66 10.16 67791.34263323 690452.96523148 10.184972570421
20120830 10.9169 10.93199 10.6 10.77699 30868.50075086 332208.83591853 10.762065789971
20120829 10.94 11.134 10.55 10.9169 53647.72467409 581687.69111421 10.842728086754
20120828 10.95 11.20999 10.5 10.94 54875.35603416 598168.05376372 10.900486065026
20120827 10.61 12.14999 10.54441 10.95 175117.55854072 1957673.3390157 11.179195023784
20120824 10.09997 10.6188 9.852 10.6 92077.75264313 945182.9387453 10.265052215258
20120823 9.80679 10.25 9.705 10.09997 56015.66732002 560012.60462637 9.997428066455
20120822 9.91502 10.09999 9.5714 9.80679 67513.55620025 665544.83721333 9.857943717841
20120821 10.1 10.29999 9.69876 9.91502 72082.69250963 722740.27173243 10.026543773124
20120820 8.0 10.5 7.81011 10.1 192502.76368066 1835053.008662 9.532606044587
20120817 13.5 15.4 10.6 11.5836 221033.90078168 2930580.3334353 13.25851067674
20120816 13.25 13.84119 12.5 13.5 96604.11897513 1277714.1893664 13.226291000029
20120815 12.19 13.25 12.16138 13.25 57562.75432769 725834.14203637 12.609440783608
20120814 12.03749 12.34 11.89499 12.19 44014.85831106 532302.3199851 12.093696092879
20120813 11.62399 12.05007 11.4919 12.03749 54035.66417696 637059.68783738 11.789615202121
20120810 11.0611 11.6 11.01 11.38637 63597.01478409 725605.05748722 11.40942007971
20120809 11.0553 12.0 10.8 11.0611 101880.30540263 1153809.1138156 11.325143846554
20120808 11.1 11.14999 10.85 11.0553 31322.91325637 345666.89237781 11.035592045625
20120807 10.85517 11.10002 10.651 11.1 41653.58718754 451978.45438632 10.850889080725
20120806 10.86998 11.19 10.63539 10.85517 51637.91473106 562801.91213677 10.899005412359
20120803 10.53 11.12 10.3 10.97 61643.27795273 661588.15744362 10.732527201927
20120802 9.5503 11.0 9.412 10.53 126685.69249459 1283817.6355011 10.133880237154
20120801 9.35 9.65 9.111 9.5503 68695.69839519 647522.57654163 9.425955215079
20120731 9.098 9.44 9.07881 9.35 70173.63399515 648746.33772193 9.244873049709
20120730 8.71027 9.15 8.7 9.098 51254.49897568 458873.3040287 8.952839520418
20120727 8.9 8.95 8.81415 8.9 26673.60643026 237223.98625304 8.893585007835
20120726 8.8 8.901 8.6 8.9 32379.65197438 283993.34080331 8.770734812963
20120725 8.6 8.9 8.3688 8.8 64720.95003513 555883.85111416 8.588932189846
20120724 8.44565 8.8499 8.34 8.6 40946.85980497 353506.54203079 8.633300421926
20120723 8.4096 9.2 7.75 8.44565 146396.1831318 1238579.4924377 8.46046301168
20120720 8.86999 8.86998 7.6 8.52 154661.11575389 1267523.7402003 8.195490728369
20120719 9.10977 9.23355 8.8183 8.86999 48249.6552057 438703.58496175 9.092367253019
20120718 8.80001 9.39899 8.5 9.10977 105945.89776358 955210.08030737 9.016017613433
20120717 8.4996 9.49 7.3215 8.80001 210804.46892616 1757815.8059997 8.338607881294
20120716 7.62101 8.65 7.6178 8.4996 103400.11222923 835550.27303482 8.080748221844
20120713 7.76437 7.81639 7.4201 7.6651 65465.74155803 499441.50552794 7.629051373156
20120712 7.15 7.9 7.1 7.76437 64616.60224414 471834.36603446 7.302060920067
20120711 7.1999 7.257 7.01777 7.15 41891.36007282 297644.88421346 7.105161629894
20120710 7.0215 7.25 6.96 7.1999 70065.80116165 497668.81502426 7.102877677458
20120709 6.79898 7.1 6.74257 7.0215 61644.09941363 425223.10905281 6.898034249792
20120706 6.67 6.72 6.55 6.64811 43191.38877213 286978.87896465 6.644354051191
20120705 6.5101 6.77 6.48101 6.67 45344.69678629 301701.76498747 6.653518192202
20120704 6.44993 6.55 6.44991 6.5101 33478.78566741 217804.23210616 6.505738716748
20120703 6.75999 6.76 6.4 6.44993 71068.51958882 465280.45135647 6.546927585497
20120702 6.62898 6.765 6.5778 6.75999 32364.19757708 217005.56149828 6.705111751387
20120629 6.60588 6.67921 6.542 6.65 26298.80164642 174369.85614293 6.63033466267
20120628 6.647 6.66897 6.49 6.60588 42818.4030686 282297.47777595 6.592900658244
20120627 6.4195 6.65 6.4 6.647 41979.58598163 274046.64059296 6.528092981024
20120626 6.30482 6.47 6.28888 6.4195 48736.6660735 311935.51583645 6.400427870179
20120625 6.35002 6.4455 6.21748 6.30482 62638.90813163 395654.82245387 6.316438684123
20120622 6.68008 6.79962 6.42771 6.54781 56823.03096115 374175.12041057 6.584920129769
20120621 6.67 6.8 6.561 6.68008 51943.24888479 347681.68408809 6.693491291991
20120620 6.49876 6.71031 6.45 6.67 64069.2729199 423271.205947 6.606461828842
20120619 6.30998 6.53294 6.281 6.49876 43883.52479865 282752.03910087 6.443239015057
20120618 6.16382 6.36 6.03 6.30998 46832.28333112 293446.75506931 6.265907493652
20120615 5.9541 6.587 5.883 6.5 65639.15881999 401826.98579121 6.121757088527
20120614 5.929 5.97422 5.808 5.9541 35039.35283461 206567.61878616 5.895303482378
20120613 5.70003 5.96 5.66 5.929 57237.86798455 335216.88230768 5.856557801876
20120612 5.57471 5.74999 5.5 5.70003 78982.59657826 442662.49342365 5.604557365812
20120611 5.46829 5.59997 5.4324 5.57471 40263.97340474 221882.17039632 5.510687387107
20120608 5.591 5.66 5.5599 5.633 53841.11448573 302527.61024731 5.618895766496
20120607 5.46001 5.59357 5.41 5.591 48065.7996585 264420.39743839 5.501217067375
20120606 5.44001 5.49 5.38945 5.46001 40678.15328872 221376.20700297 5.44214004583
20120605 5.26599 5.5 5.22354 5.44001 83934.14623014 452286.00224128 5.388581674509
20120604 5.2051 5.2785 5.18001 5.26599 51239.52524018 268035.69774259 5.231033981798
20120601 5.18011 5.279 5.18111 5.27481 44689.12069859 234080.45886009 5.237974146747
20120531 5.135 5.2 5.1121 5.18011 39476.51522493 203750.18637164 5.161301224556
20120530 5.14997 5.1725 5.1 5.135 39944.18455928 205489.47623557 5.144415351141
20120529 5.1358 5.15889 5.015 5.14997 61267.05801486 313167.67436825 5.111518073747
20120528 5.13896 5.16 5.11 5.1358 27560.80583062 141508.49295042 5.134410576385
20120525 5.11904 5.15 5.102 5.14546 23075.73025274 118398.28009458 5.130857346563
20120524 5.1397 5.14889 5.0701 5.11904 28916.46017374 148029.40237053 5.119208972368
20120523 5.09877 5.165 5.06502 5.1397 52958.34541347 271619.68720008 5.128930767746
20120522 5.09977 5.115 5.04951 5.09877 46681.90019824 237263.34344574 5.082555389523
20120521 5.09002 5.12999 5.0623 5.09977 33623.9565329 171340.69416518 5.09579216228
20120518 5.0998 5.13 5.0615 5.11801 52580.56381155 268289.56252778 5.102447426949
20120517 5.0887 5.1 5.0515 5.0998 26622.32727672 135248.36008005 5.080260590077
20120516 5.035 5.1345 5.0 5.0887 69369.57350075 351814.07281559 5.07159054123
20120515 5.00594 5.04 4.95123 5.035 44144.38277749 220957.6577967 5.005340292341
20120514 4.92996 5.036 4.9 5.00594 52846.54566803 263695.58413186 4.989835774477
20120511 4.85 5.0 4.801 4.96 63129.78788167 311100.91276987 4.927957517503
20120510 5.0437 5.125 4.80284 4.85 69983.50273686 347144.1001128 4.960370466424
20120509 5.04997 5.09609 5.0 5.0437 38921.30092332 196640.96935105 5.05227124187
20120508 5.06002 5.1 4.96 5.04997 68203.81631716 342801.14920821 5.026128561694
20120507 5.04991 5.09569 4.97111 5.06002 46182.83902832 232779.55203227 5.040390693381
20120504 5.13438 5.15 5.067 5.067 43629.49372448 223210.22909374 5.116039862927
20120503 5.07367 5.184 5.02 5.13438 35421.06898402 180427.18398842 5.093781446004
20120502 5.0 5.1789 4.97 5.07367 95963.30944381 487937.82144353 5.084628951123
20120501 4.9491 5.0 4.91602 5.0 36680.85186191 181986.59989777 4.961351513397
20120430 4.90441 5.0 4.87003 4.9491 55767.57032286 275744.99016398 4.944540143449
20120427 5.09762 5.124 5.0321 5.10947 25868.39462342 131461.84059902 5.081948165427
20120426 5.13182 5.1749 4.99 5.09762 57360.76181968 291333.80452777 5.078973766834
20120425 5.09822 5.18 5.03575 5.13182 35642.72896068 182736.85817392 5.126904238323
20120424 4.95999 5.2 4.952 5.09822 70989.70391884 360126.60160379 5.07294131013
20120423 5.20352 5.21799 4.95999 4.95999 49367.93683944 252978.56316239 5.124349514244
20120420 5.13766 5.48 5.10103 5.35 104068.94747599 544263.47745188 5.229835514359
20120419 5.1178 5.19 5.1 5.13766 46675.15315764 240310.55620004 5.148575632702
20120418 4.97587 5.1782 4.96 5.1178 79130.2026113 401659.39943263 5.075930380283
20120417 4.93201 5.02207 4.925 4.97587 30645.71248736 151983.96141629 4.959387434016
20120416 4.96892 4.979 4.90988 4.93201 31159.51521282 154236.34039036 4.949895379852
20120413 4.91968 4.94464 4.73001 4.93999 93111.85598725 452385.8722116 4.85852061926
20120412 4.9279 4.946 4.84272 4.91968 46368.67786372 226872.24274069 4.892790849191
20120411 4.83668 4.98 4.79111 4.9279 67035.82976127 327827.08979003 4.890326426293
20120410 4.87191 4.9 4.76391 4.83668 53101.77472961 256671.36763078 4.833574187261
20120409 4.79252 4.87899 4.73155 4.87191 39243.69498318 187709.29674239 4.783170820761
20120406 4.919 4.98 4.88001 4.94991 58211.44570443 287735.1256906 4.942930418729
20120405 4.91008 4.93495 4.87 4.919 33807.18377016 165880.19889851 4.906655343618
20120404 4.952 4.97 4.89 4.91008 51040.82241145 251784.97045539 4.933011627942
20120403 4.974 4.99499 4.81 4.952 78481.20602474 384710.32689173 4.901942087516
20120402 4.827 5.08 4.76 4.974 80663.98069596 398480.61423731 4.940006813441
20120330 4.80838 4.88 4.71699 4.86 39071.84389598 187496.44883723 4.798761208619
20120329 4.788 4.86092 4.71001 4.80838 37974.76206473 180963.56840301 4.765364114581
20120328 4.81125 4.8365 4.72102 4.788 38017.115539 182050.5005291 4.788645796716
20120327 4.61911 4.84592 4.49 4.81125 73431.75815733 342922.07796278 4.669942359654
20120326 4.55001 4.73793 4.51588 4.61911 69838.07163459 324896.27586086 4.652136982831
20120323 4.7043 4.79 4.6 4.68596 54129.93762252 254329.7183053 4.698503812786
20120322 4.81488 4.88 4.59768 4.7043 58069.91657168 276226.89819973 4.756798606018
20120321 4.8379 4.87 4.75 4.81488 46436.88487544 223605.57400774 4.815257840993
20120320 4.6939 4.89999 4.58778 4.8379 66343.85263296 318065.30876946 4.794194128718
20120319 5.27943 5.3099 4.5 4.6939 188889.06717245 922722.00700597 4.884994249898
20120316 5.32656 5.4 5.3 5.34388 32718.78562538 174983.15933892 5.348094557739
20120315 5.38 5.445 5.25501 5.32656 41077.61071554 219063.80812948 5.332924781007
20120314 5.27 5.45 5.25173 5.38 62889.72419062 337721.84858652 5.370064075379
20120313 4.89005 5.41 4.86511 5.27 127325.05365077 656673.85374841 5.157459862923
20120312 4.91 4.95 4.8561 4.89005 22048.15315598 108198.97855951 4.907394183724
20120309 4.93016 4.949 4.821 4.86112 32723.03272214 160227.85070412 4.896485361386
20120308 4.93752 5.0 4.7551 4.93016 58089.40264542 283093.81447572 4.873415831176
20120307 4.9901 5.05 4.84 4.93752 46167.56493157 227645.85874464 4.93086128935
20120306 4.98427 5.07 4.9 4.9901 44532.26671276 221579.34492815 4.975703266069
20120305 4.82001 5.05 4.82001 4.98427 65828.17672583 325526.6999837 4.94509670744
20120302 4.9213 4.95 4.51 4.70499 130764.73537081 613272.66334215 4.689893353916
20120301 4.86001 4.98888 4.86 4.9213 44183.63960415 218150.91762656 4.937368663628
20120229 4.86798 4.9 4.8 4.86001 26539.2497415 129089.93152932 4.864113823363
20120228 4.95598 5.0 4.735 4.86798 62691.07538361 305075.07468471 4.866323839844
20120227 4.922 4.99 4.89 4.95598 29371.63741215 145288.75629639 4.946566453128
20120224 5.015 5.1 4.825 5.0288 89828.04733109 446896.97944857 4.975027207275
20120223 4.42474 5.19778 4.42 5.015 164308.46679797 792557.08338374 4.823592471094
20120222 4.272 4.54 4.27102 4.42474 103836.78607093 460671.28946517 4.436494106727
20120221 4.36146 4.3975 4.212 4.272 51784.83125963 222970.81358852 4.305716715975
20120220 4.38669 4.47 4.29017 4.36146 37299.13285854 162939.76442513 4.368459852487
20120217 4.2739 4.76998 4.2281 4.41 135949.41176197 606244.08208735 4.459335823746
20120216 4.3251 4.444 3.878 4.2739 166594.51680944 697818.36938289 4.188723511117
20120215 4.46292 4.88 4.2001 4.3251 161800.56356986 741639.35097004 4.583663583161
20120214 5.26 5.45126 4.21211 4.46292 297572.01631357 1399443.9544856 4.702874859748
20120213 5.51468 5.72 5.2 5.26 170210.58774407 909500.32268179 5.343382775044
20120210 5.83 5.985 5.80119 5.9126 39304.91384013 230967.95904751 5.876312564555
20120209 5.59998 5.91502 5.5 5.83 89946.12065458 516915.54761398 5.746946548135
20120208 5.69 5.8494 5.3 5.59998 237943.11815238 1342007.9904453 5.640037000717
20120207 5.45345 5.78 5.45 5.69 72748.35825424 408854.23580386 5.620116324481
20120206 5.68881 5.72 5.45 5.45345 90258.83722669 500693.57902323 5.547308101984
20120203 6.1 6.1401 5.71872 5.9593 59279.85043639 350818.6904361 5.918009034327
20120202 6.07561 6.199 5.823 6.1 54546.26835534 328716.58135724 6.026380745532
20120201 5.48379 6.2 5.4678 6.07561 115523.96202151 672632.57510682 5.822450713572
20120131 5.49048 5.65 5.426 5.48379 48296.65668083 267099.31429113 5.530389319829
20120130 5.3809 5.6 5.36694 5.49048 42303.1375219 233179.69887237 5.512113581449
20120127 5.34 5.51 5.05 5.29199 115567.82708123 611581.18301539 5.291967483178
20120126 5.75 5.92 5.3 5.34 123954.10804839 692624.72957476 5.587751309576
20120125 6.28978 6.322 5.502 5.75 133115.24620641 782053.65412043 5.87501188938
20120124 6.356 6.39397 6.219 6.28978 35663.07729863 224665.59178894 6.299669260386
20120123 6.3097 6.389 6.212 6.356 17693.04571571 111630.55012803 6.309289645305
20120120 6.35979 6.58 6.258 6.48979 66786.47766383 429803.56086598 6.435487779868
20120119 5.92 6.36077 5.87284 6.35979 114820.44690495 709705.26889159 6.181000753978
20120118 5.59998 6.95 5.09999 5.92 226680.9676234 1354753.4437783 5.976476357861
20120117 6.68254 6.95 4.64 5.59998 213409.80124954 1288538.9669727 6.037862176096
20120116 7.00177 7.18888 6.511 6.68254 122666.56782613 837413.60842823 6.826746873812
20120113 6.79999 6.804 6.4 6.41 60228.77424737 398312.18254026 6.61332041898
20120112 6.9 6.997 6.337 6.79999 140116.52400399 944165.93525438 6.738433899684
20120111 6.36 7.138 6.41266 6.9 99442.06980147 677642.83738518 6.814448238437
20120110 6.3257 6.89 6.001 6.36 110210.24950269 705056.48065712 6.397376685368
20120109 7.11358 7.191 5.81 6.3257 148406.84878851 960592.31298437 6.472695302312
20120106 6.9476 7.21 6.1261 6.69693 218077.47903467 1481327.8754642 6.79266782623
20120105 5.57383 7.22 5.57401 6.9476 182328.19387583 1130623.2942329 6.201033807217
20120104 4.8808 5.7 4.751 5.57383 131170.85666299 688717.85661914 5.250540204892
20120103 5.21678 5.29 4.65 4.8808 125170.25387153 619170.5416038 4.94662687382
20120102 5.26766 5.47 4.8 5.21678 69150.93196322 360357.28430224 5.211170320798
20111230 4.166 4.3 4.06334 4.248 41068.59504539 172118.95740553 4.191011579902
20111229 4.18552 4.33 4.116 4.166 53069.28677294 223710.00911353 4.215432743061
20111228 4.06997 4.25 3.99 4.18552 33837.22479013 140029.63343827 4.138330915339
20111227 4.018 4.0998 3.962 4.06997 30159.45779595 121501.16508544 4.028625643985
20111226 4.225 4.31259 3.81 4.018 88825.74710352 358539.92660627 4.03644144066
20111223 3.8901 3.95 3.815 3.94678 20496.54243032 80030.540097235 3.90458734049
20111222 3.89 3.99199 3.509 3.8901 57206.31808466 216558.94645676 3.785577427589
20111221 3.95 4.04 3.81 3.89 48793.69139752 191659.23417709 3.92795110777
20111220 3.5202 4.5 3.483 3.95 186409.9453246 739231.72195909 3.965623833384
20111219 3.193 3.70036 3.18933 3.5202 139986.96726355 476965.51106299 3.407213688436
20111216 3.2 3.22 3.15 3.2 29868.63155921 95114.715105656 3.184434978787
20111215 3.15 3.21445 3.11001 3.2 30094.22817568 95417.41400055 3.170621736618
20111214 3.2499 3.24805 2.99401 3.15 72477.6863362 225975.04776045 3.117856807849
20111213 3.135 3.25 3.141 3.2499 32658.54298942 104930.81536263 3.212966830658
20111212 3.2511 3.2901 3.08414 3.135 39899.99643688 126940.32388547 3.181462035624
20111209 2.98 3.039 2.93471 2.96999 34385.43549919 102810.85493658 2.989953549927
20111208 2.99001 3.00634 2.88421 2.98 39933.68696972 117824.44973758 2.95050266275
20111207 3.03 3.082 2.93241 2.99001 58122.18930894 174201.54000948 2.997160672726
20111206 2.8798 3.05 2.8701 3.03 55599.98134889 165517.78593343 2.976939594544
20111205 2.82809 2.93 2.7807 2.8798 30884.98230522 88678.375240219 2.871245784241
20111202 3.06 3.138 3.03498 3.1151 57494.9023996 178018.00254938 3.09623975552
20111201 2.9701 3.14 2.92894 3.06 63864.08821884 195016.14664324 3.053612007659
20111130 2.75019 3.09 2.73225 2.9701 120145.34038867 349861.48599353 2.911985474108
20111129 2.55 2.981 2.54028 2.75019 180531.07885847 503908.52659764 2.791256385238
20111128 2.47991 2.55 2.44 2.55 41261.74102113 103409.12658449 2.506174582685
20111125 2.4321 2.52779 2.374 2.50612 44404.69962338 109592.18539454 2.468031229218
20111124 2.33209 2.56 2.30526 2.4321 87264.60146372 211558.58161469 2.424334473156
20111123 2.3289 2.38 2.27 2.33209 39998.19288475 92955.460034652 2.323991493878
20111122 2.294 2.35 2.25 2.3289 34208.37350606 78934.492865817 2.30746114988
20111121 2.2 2.31125 2.17 2.294 41727.08203628 93197.441832472 2.233500098364
20111118 2.25 2.38998 2.0 2.04999 98135.58997612 210125.46354313 2.141174915179
20111117 2.56035 2.58852 1.994 2.25 117276.74929082 261039.94043239 2.225845634458
20111116 2.32896 2.60031 2.301 2.56035 44208.84585145 108654.69073437 2.457759044411
20111115 2.22 2.49 2.11 2.32896 76420.88138084 175520.97523509 2.296767219425
20111114 2.99686 2.99573 2.09995 2.22 382186.83156394 957693.92826008 2.505826598842
20111111 2.83993 3.10998 2.823 3.08001 44853.17480679 133312.04575215 2.97218750571
20111110 2.95001 2.969 2.80011 2.83993 33928.7628307 97395.489950313 2.870587720404
20111109 3.03501 3.11 2.88655 2.95001 52195.10614996 156655.4721489 3.001344066603
20111108 3.00677 3.21 3.00579 3.03501 60336.67038009 186440.20934856 3.089998307399
20111107 2.95959 3.03248 2.95 3.00677 23992.22928706 71961.103696213 2.999350449482
20111104 3.152 3.21 3.01111 3.109 39513.12845304 123573.78806901 3.127410886128
20111103 3.25429 3.28 3.1 3.152 24520.65041752 78756.920651795 3.211860995152
20111102 3.15 3.44 3.141 3.25429 32311.05067026 104522.19364234 3.2348744926
20111101 3.24801 3.35 3.07001 3.15 37893.47244792 120727.90233734 3.185981503893
20111031 3.27 3.31589 3.066 3.24801 30980.5249082 98715.595295103 3.186375814729
20111028 3.04001 3.255 2.90501 3.18999 52365.1901171 162799.02293107 3.108916869528
20111027 2.77302 3.09 2.7311 3.04001 58696.09580527 171312.36917328 2.918633119
20111026 2.77 2.8485 2.6502 2.77302 29400.7368759 80877.095685168 2.750852675106
20111025 2.545 3.04 2.44034 2.77 101412.11479738 278159.06637679 2.742858355065
20111024 3.17 3.1948 2.481 2.545 92232.42690478 258830.28359175 2.806282912397
20111021 2.34801 2.72002 2.32699 2.57 72971.10888701 185287.38927877 2.539188345975
20111020 2.27 2.39082 2.22 2.34801 48859.47906274 113046.14354954 2.313699321362
20111019 2.41901 2.536 2.0401 2.27 101864.85357976 232324.75356994 2.280715530485
20111018 2.55998 2.9 2.31 2.41901 87859.09170384 229826.44166838 2.615852693346
20111017 3.55701 3.74 2.26 2.55998 207426.66356439 591902.27418109 2.853549606449
20111014 4.04615 4.11455 3.9481 3.98791 20054.55190042 80464.141120702 4.012263226835
20111013 4.15 4.2 4.002 4.04615 19706.16675451 80377.296141729 4.078788997527
20111012 3.9308 4.45 3.901 4.15 69399.52738799 282490.4119902 4.070494751512
20111011 4.1 4.10001 3.84962 3.9308 41104.07716903 162268.54085219 3.947748058785
20111010 4.10288 4.2 4.0104 4.1 16858.24419247 69188.534860093 4.104136472943
20111007 4.73443 4.7958 3.7819 4.2728 97547.35268216 418394.50392933 4.289142579733
20111006 4.87 4.9 4.4989 4.73443 54773.49257253 256723.57014945 4.687003842406
20111005 4.96 5.025 4.8312 4.87 17586.46309821 86107.56025272 4.896240919613
20111004 5.02401 5.025 4.9193 4.96 15793.44483585 78377.779042091 4.962677861399
20111003 5.02701 5.0399 4.88889 5.02401 17289.250361 85880.89347723 4.967300009198
20110930 4.77935 5.35 4.743 5.14009 41459.06945508 208038.78680062 5.01793189126
20110929 4.77247 4.8 4.6742 4.77935 14092.8851612 66817.426838098 4.741217009421
20110928 4.9156 4.969 4.625 4.77247 30625.20664532 146110.79442274 4.770932523489
20110927 4.86969 5.13018 4.781 4.9156 24645.36640217 121363.65900114 4.924400677218
20110926 5.33 5.4 4.721 4.86969 56072.39106435 277987.40788486 4.957652110213
20110923 5.42781 5.70653 5.4145 5.54514 55667.98378796 312415.08942844 5.612114328021
20110922 5.6114 5.83001 5.29 5.42781 31651.00179563 175258.58453016 5.537220769877
20110921 6.11191 6.28664 5.06 5.6114 68164.47320197 383918.84634161 5.632242549635
20110920 5.46001 6.795 5.4511 6.11191 116750.9839094 713430.50715211 6.110702310704
20110919 5.2 5.64399 4.9 5.46001 49836.79334533 263597.81048023 5.289220930683
20110916 4.84 4.99 4.61 4.82 31651.08778823 152408.86856231 4.815280586312
20110915 5.61932 5.61932 4.44 4.84 86220.92069223 429502.82689298 4.981422414011
20110914 5.8 5.84731 5.32488 5.61932 43768.26143524 243197.97282666 5.556491504386
20110913 6.078 6.085 5.7 5.8 23759.2767603 138683.87146267 5.837040952964
20110912 5.86435 6.58212 5.4121 6.078 63864.03783182 385739.54706148 6.040011877691
20110909 6.53 6.57686 4.18 5.03 217433.29036018 1154613.9905182 5.310198767657
20110908 7.1864 7.19786 6.51235 6.53 31886.33156535 216888.78812045 6.801936048239
20110907 6.8628 7.59916 6.53001 7.1864 49642.1025069 348836.44017637 7.027027917036
20110906 7.61101 7.65713 6.122 6.8628 82496.04657068 555289.16252858 6.731100284337
20110905 8.17798 8.19142 7.25 7.61101 30798.75433393 234672.80447662 7.619555061618
20110902 8.21 8.7138 8.23 8.64 16814.5489286 141975.27514385 8.443597015104
20110901 8.19951 8.35994 8.1 8.21 11903.52969436 97874.32622477 8.222294457008
20110831 8.79134 8.79 8.01001 8.19951 19648.24096638 164091.75480802 8.351473044778
20110830 8.969 9.0 8.55 8.79134 11773.82396374 103338.65193259 8.776982928473
20110829 9.07011 9.27027 8.65 8.969 21651.28245057 193411.57391873 8.933030842874
20110826 9.65702 9.889 7.642 8.17939 83004.36526692 718309.62531643 8.653877696752
20110825 10.8506 10.891 9.1 9.65702 55485.39230424 555232.04190759 10.006814746179
20110824 10.94001 11.083 10.8309 10.8506 7815.83320439 85516.166410796 10.94140115001
20110823 10.895 11.3 10.809 10.94001 12779.50876967 141019.1094699 11.034783262138
20110822 11.31125 11.501 10.51 10.895 36996.14352761 407895.12873076 11.025341828571
20110819 10.83001 11.81 10.83001 11.65 33721.04965496 384289.87435664 11.396142121576
20110818 10.94555 11.04999 10.81 10.83001 8210.37770942 89515.275982603 10.902698895314
20110817 10.96409 11.1 10.661 10.94555 22898.68983246 249104.67570806 10.878555827021
20110816 11.14979 11.32 10.8109 10.96409 15325.43631322 169357.88706412 11.05077099293
20110815 10.7957 11.89 10.72151 11.14979 38155.5426874 431203.7399348 11.30120841073
20110812 9.46248 9.8 8.91 9.46051 41592.12006299 387476.17752287 9.31609585989
20110811 9.98 10.4959 8.45099 9.46248 58114.56411895 550577.884257 9.474008668981
20110810 9.99 10.40001 9.5 9.98 24254.45049218 242598.48290349 10.002225487719
20110809 7.79991 12.1 7.671 9.99 114472.77523409 1112123.7705044 9.715181345348
20110808 7.9 8.15998 7.055 7.79991 34042.22082521 263570.18529202 7.742449784499
20110805 10.75 10.99 9.5 9.7999 30765.68959081 315866.93070753 10.266856843081
20110804 9.26 11.15 9.26999 10.75 50094.10311742 529876.35391721 10.57761933925
20110803 12.05 12.16 8.7 9.26 90287.3312127 943628.17161179 10.45139067616
20110802 13.0946 13.1 11.5 12.05 57242.68767529 709463.15581317 12.393952566267
20110801 13.35 13.5501 12.85 13.0946 21748.08591421 286373.01961924 13.167734427246
20110729 13.49011 13.7 13.3302 13.49832 7257.50747383 98020.729844354 13.506114902094
20110728 13.9394 13.939 13.312 13.49011 32738.27075718 445690.57984128 13.613748360351
20110727 13.88214 14.13 13.85 13.9394 11508.6635387 160645.53647578 13.958661310723
20110726 14.0478 14.05051 13.768 13.88214 16793.85559615 233585.08385967 13.908961079386
20110725 13.98001 14.72299 13.76 14.0478 31577.95972877 448277.1995044 14.195888631018
20110722 13.61 13.81 13.45 13.69542 15165.61506635 207044.1518141 13.652209350447
20110721 13.68943 13.78 13.4 13.61 25018.37149466 341665.51682198 13.656584997745
20110720 13.85024 14.0 13.4 13.68943 23177.89842929 317332.29816706 13.691159236682
20110719 13.48 14.7 13.44 13.85024 67575.61324902 948485.71589747 14.0359172532
20110718 13.16 13.915 12.51 13.48 75896.30773935 988903.24122548 13.029662057101
20110715 13.99 14.09 13.5021 13.81 24819.54208343 344982.09699003 13.899615707268
20110714 13.95099 14.07 13.7 13.99 17661.15566677 245982.11316054 13.927860543315
20110713 14.00943 14.15 13.91 13.95099 10338.14554788 145032.06834517 14.028828252946
20110712 14.20912 14.63988 13.9 14.00943 26356.50591301 372986.55437241 14.151593371422
20110711 14.9 15.1999 13.8 14.20912 49160.01060266 706457.51674112 14.370572912425
20110708 14.77609 15.64276 13.90152 14.31399 34853.41816622 500143.37534976 14.349908894574
20110707 14.78347 15.9 14.5 14.77609 54465.69644076 825452.24932052 15.155452023244
20110706 12.90691 16.5 12.67132 14.78347 111818.32278654 1655319.6326529 14.803652848673
20110705 13.86 15.0 11.0 12.90691 84081.15245614 1076305.4614472 12.800793400265
20110704 15.44049 15.48988 13.14 13.86 52276.98903608 756913.58971703 14.478905607869
20110701 16.10098 16.74 15.26 15.397 33284.45294249 529197.49098093 15.899239560743
20110630 16.845 17.0 15.73 16.10098 34961.1896034 577145.54908739 16.508178229475
20110629 16.9498 17.2 16.666 16.845 21043.3694136 355303.17638618 16.884329187157
20110628 16.75004 17.52 16.5 16.9498 24398.1463737 413032.22133906 16.928836109627
20110627 16.45001 18.0 15.0 16.75004 31452.54447941 535096.37010093 17.012816576771
20110624 17.51 17.51 17.51 17.51 0.0 0.0 17.51
20110623 17.51 17.51 17.51 17.51 0.0 0.0 17.51
20110622 17.51 17.51 17.51 17.51 0.0 0.0 17.51
20110621 17.51 17.51 17.51 17.51 0.0 0.0 17.51
20110620 17.51 17.51 17.51 17.51 0.0 0.0 17.51
20110617 17.0 18.34 13.0 15.681 108623.773 1684353.2260899 15.506303818869
20110616 19.49 19.89 17.0 17.0 49202.135 927743.4210058 18.855755365205
20110615 19.28 20.0 19.022 19.49 27711.898 545336.1446287 19.67877280108
20110614 19.84 20.5 18.001 19.28 36155.99 696003.9845202 19.250032553947
20110613 18.5464 24.5 16.0 19.84 73421.791 1476239.5920137 20.106286865349
20110610 28.919 29.399 20.01 23.9497 92208.2 2274786.4045597 24.670109649247
20110609 29.6 31.5 26.151 28.919 62933.66 1861589.6426567 29.580190356904
20110608 23.9234 31.9099 22.2135 29.6 104925.157 2858820.3833788 27.24628168418
20110607 18.5499 24.32 18.26 23.9234 53715.037 1068903.3224625 19.899517568284
20110606 16.7 19.23 16.4513 18.5499 55092.474 1016927.3940319 18.458553776908
20110603 10.6 14.499 10.5752 14.29 72980.242 954513.5370521 13.079067853079
20110602 9.57 10.888 9.5 10.6 41047.265 415112.71732064 10.113042058238
20110601 8.741 9.6987 8.3 9.57 43479.96 400564.34749926 9.212619963295
20110531 8.8 9.4998 8.1 8.741 45794.425 406882.26759379 8.884973828011
20110530 8.4299 9.0 8.25001 8.8 17680.151 154258.84526411 8.724973291467
20110527 8.798 8.83 8.5002 8.5002 14431.838 125149.04638679 8.671733038217
20110526 8.3997 8.9869 8.01 8.798 28644.99 244820.48195604 8.546712076214
20110525 7.42 9.33 7.21612 8.3997 64049.942 510905.17773898 7.976668858482
20110524 7.14991 7.51 6.96 7.42 29282.479 211827.28183543 7.233925851545
20110523 6.6901 7.45 6.68999 7.14991 35279.88 250601.29717819 7.103235531929
20110520 6.805 7.1 5.5772 5.59039 44460.435 278992.33745624 6.275069901053
20110519 6.88 7.34 6.60711 6.805 24436.409 170134.79940416 6.962348657864
20110518 7.19 7.5 6.6 6.88 25403.435 181331.1647892 7.138056911957
20110517 8.03388 8.38901 6.97991 7.19 35345.455 265868.94554701 7.522012251561
20110516 6.98701 8.5 6.75 8.03388 44141.405 343050.47371671 7.771625613564
20110513 6.30019 8.45 6.3201 8.198 64003.373 478840.49158364 7.481488383177
20110512 5.5 6.49 5.22 6.30019 31722.464 184839.99045593 5.826785411623
20110511 5.81 6.065 4.6 5.5 52569.146 281496.85721703 5.354792280952
20110510 3.8 5.99001 3.81 5.81 56217.324 266466.70594218 4.739939345782
20110509 3.8659 3.9 3.6905 3.8 11520.926 43805.91812508 3.802291423891
20110506 3.333 3.61001 3.29 3.45 23014.698 80063.98069794 3.478819522113
20110505 3.40609 3.4498 3.333 3.333 15350.341 52331.39303194 3.409135538549
20110504 3.41 3.58 3.25 3.40609 17278.288 59434.10799509 3.439814638759
20110503 3.2 3.49 3.11 3.41 16919.179 56187.47500382 3.32093389424
20110502 3.03311 3.495 3.029 3.2 18333.831 59421.72104344 3.241096803142
20110429 2.21059 2.95 2.21 2.88 57577.324 148954.47357215 2.58703363102
20110428 1.9 2.65 1.66 2.21059 100238.232 203392.45848419 2.029090641625
20110427 1.7949 1.95 1.72 1.9 33055.256 62403.35440753 1.887849678355
20110426 1.559 1.7949 1.53 1.7949 24054.311 40211.16690399 1.671682340184
20110425 1.63011 1.701 1.52109 1.559 13471.602 21226.88972805 1.575676725608
20110422 1.21 1.41 1.189 1.40901 39415.39 50929.92235922 1.292132904412
20110421 1.1421 1.21 1.14 1.21 39295.694 46345.34981965 1.179400211628
20110420 1.1979 1.1979 1.13 1.1421 21344.953 24691.86369286 1.156801033615
20110419 1.16199 1.1979 1.1436 1.1979 12556.732 14782.06274773 1.177222126564
20110418 1.1123 1.1999 1.1103 1.16199 27478.69 31552.54792812 1.148255172576
20110415 1.0 1.08999 0.911 0.98991 50304.611 50488.93920613 1.003664240762
20110414 0.9225 1.0 0.91 1.0 31111.877 29643.60890267 0.952806830095
20110413 0.86 1.0 0.86 0.9225 43397.558 40467.73712876 0.932488807982
20110412 0.77 0.899 0.7703 0.86 48417.601 41333.11260509 0.853679483316
20110411 0.7369 0.799 0.7103 0.77 14645.925 11255.96451706 0.768538997507
20110408 0.7538 0.799 0.7309 0.74999 18207.3 13854.66226135 0.76093996701
20110407 0.74 0.78491 0.7205 0.7538 10832.992 8178.14150501 0.754929155769
20110406 0.71 0.75 0.6902 0.74 8703.946 6264.04033946 0.719678217151
20110405 0.68 0.74784 0.58 0.71 9730.303 6522.71448864 0.670350603536
20110404 0.779 0.785 0.5619 0.68 31155.458 21652.68835204 0.694988606877
20110401 0.78461 0.79697 0.7741 0.77411 3186.767 2483.68752958 0.77937531347
20110331 0.7897 0.80098 0.768 0.78461 6875.082 5429.15614952 0.78968602113
20110330 0.7925 0.795 0.76599 0.7897 3218.221 2532.13336351 0.786811522114
20110329 0.79898 0.79966 0.7648 0.7925 4215.017 3312.30058905 0.785833269249
20110328 0.82 0.85 0.76 0.79898 12565.154 10141.70469831 0.807129359362
20110325 0.86688 0.88999 0.861 0.88377 4819.415 4225.52951098 0.876772286881
20110324 0.84971 0.9 0.82659 0.86688 14009.368 12259.77389937 0.87511256035
20110323 0.80901 0.85 0.78 0.84971 13262.257 11029.25030887 0.831626947726
20110322 0.75897 0.81 0.7405 0.80901 12147.723 9499.23737253 0.781976784664
20110321 0.74108 0.77241 0.7405 0.75897 3695.962 2780.4512132 0.752294318286
20110318 0.82542 0.85062 0.70999 0.81648 14226.223 10971.32359872 0.771204247165
20110317 0.86 0.88 0.81 0.82542 7159.779 6042.76763965 0.843988011313
20110316 0.87 0.88 0.836 0.86 7929.615 6761.32006973 0.852666878497
20110315 0.8949 0.8949 0.87 0.87 2732.157 2405.41084962 0.880407256838
20110314 0.89249 0.9 0.88 0.8949 5269.235 4676.61653707 0.887532352812
20110311 0.9329 0.925 0.8601 0.88 3725.512 3301.73293993 0.886249444353
20110310 0.86449 0.9329 0.84965 0.9329 8869.013 7895.07394061 0.890186308286
20110309 0.86999 0.87 0.85 0.86449 4546.046 3881.21600555 0.853756430434
20110308 0.88502 0.88502 0.84999 0.86999 4527.851 3931.42188925 0.868275455453
20110307 0.8999 0.909 0.846 0.88502 15271.268 13527.29787862 0.885800568664
20110304 0.93909 0.93909 0.9001 0.901 2711.885 2469.56419698 0.910644882427
20110303 0.9399 0.9399 0.91 0.93909 2746.67 2520.5789488 0.91768539679
20110302 0.92021 0.94 0.9102 0.9399 2741.873 2533.96277938 0.924172191557
20110301 0.86 0.97 0.8502 0.92021 22569.783 21413.4272225 0.948765312564
20110228 0.89 0.92001 0.845 0.86 4651.674 4108.59689775 0.883251254871
20110225 0.99743 0.99979 0.91109 0.9111 4461.061 4276.30173593 0.958584008587
20110224 0.9 1.0 0.9 0.99743 13418.685 12708.12028708 0.947046620968
20110223 0.87023 0.945 0.8681 0.9 6718.872 6057.76931795 0.90160510841
20110222 0.8345 0.95 0.8313 0.87023 12095.264 10650.28820188 0.880533752871
20110221 0.85 0.8796 0.8313 0.8345 1700.121 1435.86370932 0.844565598166
20110218 1.04 1.04019 0.78009 0.8989 36948.156 32719.75152632 0.885558443737
20110217 1.045 1.05019 1.02 1.04 4009.844 4184.96085737 1.043671738195
20110216 1.05 1.05019 1.0201 1.045 7192.375 7465.03308264 1.037909325173
20110215 1.07 1.085 1.035 1.05 8616.577 9085.50414354 1.054421511412
20110214 1.05 1.08 1.033 1.07 7096.548 7532.40991521 1.061418863821
20110211 0.98031 1.0899 0.9264 1.07001 13299.179 13213.53572254 0.993560258309
20110210 1.09 1.1 0.8 0.98031 26559.641 25568.80501058 0.962693923859
20110209 0.918 1.09 0.82 1.09 49632.504 47455.0071488 0.956127604378
20110208 0.89 0.918 0.8617 0.918 7021.288 6306.76961277 0.898235425291
20110207 0.89968 0.9 0.83 0.89 2264.28 1949.54330076 0.860999214214
20110204 0.69 0.88 0.67 0.811 42222.189 33965.74143512 0.804452403809
20110203 0.716 0.75 0.6501 0.69 8524.501 6064.11978878 0.711375339012
20110202 0.7 0.76001 0.69 0.716 5627.48 4126.0155456 0.733190619176
20110201 0.52001 0.85 0.52011 0.7 31562.117 23264.17908735 0.737091846132
20110131 0.4799 0.95 0.47 0.52001 63516.079 32708.40250239 0.514962557786
20110128 0.4212 0.446 0.4212 0.446 5324.497 2301.76994502 0.43229810159
20110127 0.417 0.45 0.40851 0.4212 27708.195 12086.89735527 0.436221029745
20110126 0.41 0.42 0.3904 0.417 15564.808 6315.94719764 0.405783816777
20110125 0.4199 0.425 0.4 0.41 2163.718 901.2543369 0.416530405949
20110124 0.4424 0.4424 0.381 0.4199 11061.936 4516.68184348 0.408308441079
20110121 0.39 0.44 0.368 0.41991 8477.545 3351.62059014 0.39535273362
20110120 0.31299 0.39 0.31 0.39 19881.979 6900.04944037 0.347050433982
20110119 0.31299 0.31299 0.305 0.31299 7291.627 2247.62096063 0.308246837178
20110118 0.3495 0.3495 0.305 0.31299 15671.508 4950.5107684 0.315892431564
20110117 0.38679 0.38679 0.315 0.3495 18241.146 6360.69439524 0.348700371963
20110114 0.3176 0.45 0.3176 0.4 27130.957 10691.1105788 0.394055785751
20110113 0.3188 0.405 0.3176 0.3176 20118.897 7147.03041942 0.355239674393
20110112 0.32659 0.3557 0.31799 0.3188 31359.765 10508.16658726 0.335084353702
20110111 0.32659 0.32659 0.31761 0.32659 4857.8 1578.65990513 0.324974248658
20110110 0.323 0.329 0.3175 0.32659 10355.828 3360.6529941 0.324518038934
20110107 0.298 0.322 0.2975 0.32 42601.118 13152.1498161 0.308727808883
20110106 0.299 0.299 0.29 0.298 3456.489 1031.2757853 0.298359342472
20110105 0.29895 0.299 0.29004 0.299 357.157 106.19443563 0.297332645391
20110104 0.295 0.29987 0.289 0.29895 1879.003 548.3304369 0.291819883683
20110103 0.29997 0.2999 0.29 0.295 1425.19 420.850466 0.295294287779
20101231 0.3 0.3 0.292 0.3 1453.719 428.4412 0.294720781664
20101230 0.3 0.3 0.291 0.3 2539.873 759.917027 0.299194891634
20101229 0.281 0.301 0.271 0.3 18609.144 5363.74749398 0.288231822699
20101228 0.265 0.281 0.2612 0.281 15438.708 4238.983397 0.274568532354
20101227 0.265 0.27 0.251 0.265 4935.49 1270.151704 0.257350679264
20101224 0.25 0.25 0.242 0.248 5033.249 1252.0458158 0.248754992213
20101223 0.25 0.25 0.241 0.25 8650.148 2160.7383892 0.249792071673
20101222 0.24 0.25 0.244 0.25 3800.458 949.37609 0.249805704997
20101221 0.267 0.267 0.24 0.24 9225.789 2291.81427904 0.248413905742
20101220 0.2401 0.275 0.24 0.267 10682.705 2769.8807565 0.259286459422
20101217 0.24996 0.249 0.24 0.24 525.513 130.185227 0.247729793554
20101216 0.23801 0.255 0.22221 0.24996 14355.331 3522.62327006 0.245387812379
20101215 0.24669 0.246 0.238 0.23801 3684.68 901.1484578 0.244566273815
20101214 0.2299 0.2468 0.21 0.24669 10388.097 2403.8267417 0.231402030776
20101213 0.22 0.23 0.21 0.2299 6415.59 1425.91938662 0.222258496353
20101210 0.2 0.204 0.18251 0.204 1684.254 328.16543868 0.194843199826
20101209 0.2388 0.233 0.1701 0.2 21336.327 4411.9354408 0.206780456674
20101208 0.233 0.24 0.22 0.2388 3430.41 789.863565 0.230253399739
20101207 0.204 0.2477 0.1701 0.233 24592.915 5411.79520427 0.220055052615
20101206 0.19 0.225 0.1841 0.204 4319.255 863.020207 0.199807653635
20101203 0.255 0.2552 0.243 0.25105 2570.345 633.78483925 0.246575786227
20101202 0.2275 0.2553 0.218 0.255 20312.234 4800.553787 0.236338050605
20101201 0.2082 0.2299 0.2095 0.2275 8157.894 1752.72324825 0.214849965965
20101130 0.2299 0.2299 0.204 0.2082 21476.251 4570.5792061 0.212820161494
20101129 0.27 0.279 0.2151 0.2299 35055.403 8802.05644856 0.251089866192
20101126 0.28 0.289 0.27612 0.2844 33531.876 9510.98109453 0.283639993615
20101125 0.28299 0.2825 0.278 0.28 1679.595 469.9930752 0.279825240728
20101124 0.28295 0.28299 0.2761 0.28299 2514.912 710.24141758 0.282412035721
20101123 0.2879 0.28449 0.276 0.28295 4856.923 1361.81867519 0.280387124768
20101122 0.27675 0.2879 0.269 0.2879 28205.85 7818.64285736 0.277199334796
20101119 0.2678 0.28 0.2682 0.28 2157.562 583.44613385 0.27041917398
20101118 0.2299 0.283 0.2221 0.2678 37446.671 10253.2690408 0.273809894631
20101117 0.223 0.29 0.2116 0.2299 32871.602 8662.60689971 0.263528589197
20101116 0.2682 0.275 0.223 0.223 33931.012 8609.6730792 0.253740533268
20101115 0.27904 0.2828 0.2682 0.2682 8507.74 2337.4988037 0.274749675437
20101112 0.2231 0.29 0.223 0.2682 40720.385 10494.46308814 0.257720134231
20101111 0.24 0.24 0.21 0.2231 5031.88 1111.550263 0.2209015841
20101110 0.21 0.24 0.14 0.24 30387.028 6110.1298337 0.201076914587
20101109 0.243 0.323 0.199 0.21 47983.393 12808.30486113 0.266932037531
20101108 0.34 0.37 0.2261 0.243 118203.827 38339.26195402 0.324348736645
20101105 0.23 0.2639 0.2101 0.26 36622.072 8757.148192 0.23912213902
20101104 0.1931 0.23601 0.1934 0.23 29698.431 6229.16344661 0.209747223569
20101103 0.1938 0.275 0.125 0.1931 61472.627 11769.61462949 0.19146106493
20101102 0.1955 0.195 0.1905 0.1938 5853.394 1121.3397176 0.191570859163
20101101 0.1925 0.1955 0.172 0.1955 21258.611 4049.753725 0.190499451022
20101029 0.1731 0.19 0.173 0.19 28686.852 5380.4898858 0.187559439628
20101028 0.1877 0.191 0.1731 0.1731 21525.035 4009.66975927 0.18627936072
20101027 0.1503 0.19 0.151 0.1877 65605.872 11594.017888 0.176722258764
20101026 0.132 0.18 0.133 0.1503 19219.125 2995.09142 0.155839114424
20101025 0.11501 0.19 0.09009 0.132 30299.635 4450.000605 0.146866475619
20101022 0.107 0.10901 0.1015 0.1025 34603.909 3665.43402971 0.105925432578
20101021 0.099 0.109 0.097 0.107 44867.0 4616.851667 0.102900832839
20101020 0.097 0.103 0.094 0.099 31855.0 3221.08376 0.101117054152
20101019 0.1024 0.1019 0.097 0.097 6235.1 623.33733 0.099972306779
20101018 0.102 0.103 0.097 0.1024 25665.087 2591.6409552 0.100979239042
20101015 0.102 0.119 0.092 0.105 24643.334 2554.90521892 0.103675307039
20101014 0.105 0.1045 0.065 0.102 37217.28 3701.64502755 0.099460385809
20101013 0.0949 0.105 0.092 0.105 47557.265 4558.5239107 0.095853365636
20101012 0.095 0.099 0.082 0.0949 25660.749 2396.8167869 0.093404007299
20101011 0.0965 0.103 0.091 0.095 14092.905 1395.228085 0.0990021635
20101008 0.067 0.088 0.01 0.08685 139287.286 10784.22974509 0.077424365531
20101007 0.06281 0.067 0.0628 0.067 43692.981 2812.79229395 0.064376296366
20101006 0.0614 0.0635 0.0612 0.06281 33433.302 2091.2833326 0.062550906058
20101005 0.0613 0.06301 0.0609 0.0614 27526.613 1699.19527154 0.061729180831
20101004 0.06111 0.062 0.06081 0.0613 33995.369 2079.88766329 0.061181499848
20101001 0.0619 0.062 0.06189 0.06197 1717.45 106.4618581 0.061988330432
20100930 0.06191 0.0619 0.06155 0.0619 7917.025 488.14501265 0.061657631831
20100929 0.0619 0.062 0.0615 0.06191 23475.642 1450.79045086 0.061799820037
20100928 0.0622 0.06271 0.0617 0.0619 7086.153 439.04595529 0.061958294619
20100927 0.062 0.06228 0.0619 0.0622 10752.245 668.5254443 0.06217542888
20100924 0.06231 0.0624 0.06209 0.0622 684.375 42.6571 0.062330009132
20100923 0.0622 0.063 0.0615 0.06231 15505.33 970.0930669 0.062565135144
20100922 0.06265 0.0624 0.06147 0.0622 11560.4 717.32508 0.062050195495
20100921 0.0621 0.0633 0.0623 0.06265 5735.946 359.8172192 0.062730231282
20100920 0.0627 0.0634 0.062 0.0621 14307.94 891.1876315 0.062286229289
20100917 0.0619 0.0609 0.059 0.059 7262.0 438.94275418 0.06044378328
20100916 0.0604 0.0619 0.0618 0.0619 730.0 45.1686 0.061874794521
20100915 0.06199 0.0625 0.0604 0.0604 3651.85 223.27125883 0.061139219527
20100914 0.06219 0.175 0.061 0.06199 14014.808 876.75528827 0.062559207966
20100913 0.0615 0.064 0.0607 0.06219 10076.336 632.19595537 0.062740658447
20100910 0.06111 0.0618 0.06014 0.0618 4939.788 301.79614516 0.061094958966
20100909 0.062 0.0624 0.06109 0.06111 1733.502 107.6759279 0.062114683398
20100908 0.061 0.062 0.06099 0.062 2345.41 143.36492 0.06112573921
20100907 0.0616 0.06201 0.0603 0.061 3457.192 212.35224479 0.061423329913
20100906 0.0616 0.0627 0.0616 0.0616 910.0 56.128 0.061679120879
20100903 0.0634 0.063 0.06085 0.06085 892.0 54.61025 0.061222253363
20100902 0.0629 0.0634 0.0601 0.0634 8150.73 498.9765628 0.061218634748
20100901 0.06 0.0629 0.05961 0.0629 7164.722 436.730099 0.060955623819
20100831 0.06497 0.0649 0.06 0.06 14886.907 933.22890492 0.062687897823
20100830 0.064 0.069 0.03211 0.06497 34193.138 2134.99651286 0.062439326653
20100827 0.064 0.065 0.063 0.065 9009.973 583.708613 0.064784723883
20100826 0.0648 0.0658 0.064 0.064 3870.01 251.563028 0.065003198441
20100825 0.065 0.0665 0.0641 0.0648 4228.88 278.8612816 0.065942112711
20100824 0.06491 0.0665 0.06491 0.065 6711.757 444.65573957 0.066250273895
20100823 0.066 0.06689 0.063 0.06491 4297.49 281.877223 0.065591129473
20100820 0.0667 0.0667 0.065 0.0655 4199.747 276.4108105 0.065816062372
20100819 0.068 0.0679 0.0667 0.0667 741.115 50.0425085 0.067523270343
20100818 0.07 0.0733 0.067 0.068 2953.975 203.82833613 0.069001374802
20100817 0.0655 0.0769 0.06243 0.07 13185.74 915.0003158 0.069393171396
20100816 0.06529 0.0679 0.062 0.0655 10731.468 696.80254899 0.064930776385
20100813 0.07 0.068 0.0645 0.0645 3591.77 233.8004368 0.065093376469
20100812 0.067 0.07 0.06141 0.07 2062.31 134.4872288 0.065211936518
20100811 0.07 0.07541 0.06 0.067 14061.18 1015.6416825 0.07223018854
20100810 0.071 0.0709 0.06651 0.07 1310.39 88.8736329 0.067822276498
20100809 0.0609 0.0735 0.0593 0.071 13631.09 886.9327103 0.065066895626
20100806 0.061 0.0624 0.0607 0.0623 1395.0 85.908 0.061582795699
20100805 0.057 0.061 0.058 0.061 5034.07 303.609091 0.06031086
20100804 0.06 0.06231 0.057 0.057 3494.0 210.765111 0.060322012307
20100803 0.06 0.065 0.059 0.06 9821.46 606.0456913 0.061706272927
20100802 0.0611 0.0633 0.06 0.06 3599.0 221.20058 0.061461678244
20100730 0.0699 0.0698 0.0582 0.0627 3020.85 198.5299149 0.065719885099
20100729 0.0589 0.0699 0.0571 0.0699 8058.49 528.3183128 0.065560460185
20100728 0.06 0.062 0.054 0.0589 4390.29 255.759194 0.058255649171
20100727 0.056 0.0605 0.053 0.06 3373.69 196.91835 0.058368833532
20100726 0.0505 0.056 0.05 0.056 877.0 46.907 0.053485746864
20100723 0.0505 0.06767 0.0505 0.06262 2402.5 141.0650511 0.058715942185
20100722 0.07921 0.08181 0.0505 0.0505 2160.0 129.78428 0.060085314815
20100721 0.07474 0.07921 0.06634 0.07921 575.0 42.2622 0.073499478261
20100720 0.0808 0.08181 0.07426 0.07474 262.0 20.58952 0.078585954198
20100719 0.08584 0.09307 0.07723 0.0808 574.0 49.6613 0.086517944251
