20130429 130.10000 135.20000 133.61000 135.13000 4372.696 BTC 133.00000 149.08000 134.40000 143.99991 70186.33
20130429 130.10000 135.20000 133.61000 135.13000 4372.696 BTC 134.44444 149.08 133.0 143.99991 70186.3332034 9983975.0771109 142.24956086789
20130430 129.01000 135.98000 135.10000 133.82900 8699.522 BTC 134.00000 146.93000 143.80001 139.11996 65198.58
20130430 129.01000 135.98000 135.10000 133.82900 8699.522 BTC 143.99991 146.93 134.0 139.2269 65198.57714343 9119200.9895243 139.8680981866
20130501 98.011000 133.86000 133.24000 116.09000 16227.54 BTC 104.00000 140.06000 139.00004 116.37999 179988.9
20130501 98.011000 133.86000 133.24000 116.09000 16227.54 BTC 139.2269 140.06 104.0 116.37999 179988.85296113 21787942.85903 121.05162347879
20130502 95.130000 125.93000 113.03000 106.79700 24845.18 BTC 116.37999 126.9 91.11 106.25 234129.1718145 24932099.527333 106.48865040656
20130502 95.130000 125.93000 113.03000 106.79700 24845.18 BTC 91.110000 126.90000 116.37999 106.25000 234129.2
20130503 79.740000 108.00000 106.79800 98.590000 28192.56 BTC 106.25 109.0 79.0 98.1 246411.17412536 22496255.332558 91.295597338099
20130503 79.740000 108.00000 106.79800 98.590000 28192.56 BTC 79.000000 109.00000 106.50000 98.100000 246411.2
20130504 93.010000 116.00000 98.590000 111.49000 20189.12 BTC 92.000000 116.30000 98.102460 112.89999 132582.6
20130504 93.010000 116.00000 98.590000 111.49000 20189.12 BTC 98.1 116.3 92.0 112.9 132582.58910922 14143158.981669 106.67433089589
20130505 107.00000 118.05300 111.49000 115.43700 8576.695 BTC 107.00000 118.85000 112.90000 115.98000 84177.84
20130505 107.00000 118.05300 111.49000 115.43700 8576.695 BTC 112.9 118.85 107.0 115.98 84177.84255561 9553872.2568921 113.49628318856
20130506 103.68000 120.99000 115.01000 110.99900 14218.72 BTC 106.01000 124.90000 115.93720 112.24500 150049.0
20130506 103.68000 120.99000 115.01000 110.99900 14218.72 BTC 115.98 124.9 106.01 112.25 150048.99059031 17604384.715356 117.32424620851
20130507 96.990000 111.00000 110.80000 109.95000 15939.31 BTC 112.25 114.0 97.52 109.60013 139626.72485982 14898971.673747 106.70573050184
20130507 96.990000 111.00000 110.80000 109.95000 15939.31 BTC 97.520000 114.00000 112.24500 109.61252 139626.7
20130508 107.26000 113.29000 109.94000 109.24900 7456.127 BTC 109.50000 116.77700 109.69773 113.20000 61680.32
20130508 107.26000 113.29000 109.94000 109.24900 7456.127 BTC 109.60013 116.777 109.5 113.2 61680.32470352 6990518.9576114 113.33466532824
20130509 105.99000 109.50000 108.77000 108.07000 3973.817 BTC 108.80000 113.71852 113.48999 112.79900 26894.46
20130509 105.99000 109.50000 108.77000 108.07000 3973.817 BTC 113.2 113.71852 108.8 112.799 26894.45820435 3003068.4106597 111.66123473623
20130510 108.00200 115.58000 108.09000 112.98900 8059.435 BTC 111.54000 122.50000 112.79900 117.70000 77443.67
20130510 108.00200 115.58000 108.09000 112.98900 8059.435 BTC 112.799 122.5 111.54 117.7 77443.67268052 9140709.0839639 118.03041833608
20130511 110.00000 113.75000 112.76000 112.19500 2984.374 BTC 113.00000 118.74000 117.59001 115.64000 28023.47
20130511 110.00000 113.75000 112.76000 112.19500 2984.374 BTC 117.7 118.74 113.0 115.64 28023.47400863 3238018.2928708 115.54664107217
20130512 108.60000 113.50000 112.19600 111.27900 3022.945 BTC 112.40000 117.47000 115.65000 114.82002 20575.19
20130512 108.60000 113.50000 112.19600 111.27900 3022.945 BTC 115.64 117.47 112.4 114.82002 20575.18681523 2357929.4107746 114.60063191403
20130513 110.86000 113.50000 111.05000 113.20300 3293.719 BTC 114.50020 118.88000 114.82000 117.97968 26134.01
20130513 110.86000 113.50000 111.05000 113.20300 3293.719 BTC 114.82002 118.88 114.5002 117.97968 26134.01092179 3058207.49451 117.02021184817
20130514 103.33000 114.42000 113.12000 104.15000 6694.599 BTC 109.42198 119.80002 117.97968 111.29999 87726.09
20130514 103.33000 114.42000 113.12000 104.15000 6694.599 BTC 117.97968 119.80002 109.42198 111.4 87726.09301206 10075279.732549 114.84929268609
20130515 97.010000 110.68900 104.15000 105.00000 11406.72 BTC 103.01847 116.44000 111.29998 114.22000 117898.2
20130515 97.010000 110.68900 104.15000 105.00000 11406.72 BTC 111.4 116.44 103.01847 114.22 117898.23044997 12997994.797321 110.24758172971
20130516 104.80000 109.12000 105.00000 109.00000 4327.285 BTC 112.10000 118.96999 114.22000 118.21000 45071.68
20130516 104.80000 109.12000 105.00000 109.00000 4327.285 BTC 114.22 118.96999 112.1 118.21 45071.68219683 5202992.3728892 115.43816692192
20130517 107.00000 114.35000 108.90000 112.08300 7650.754 BTC 116.57120 125.55550 118.21000 123.49997 79063.33
20130517 107.00000 114.35000 108.90000 112.08300 7650.754 BTC 118.21 125.5555 116.5712 123.49997 79063.32514882 9600699.7105262 121.43050766528
20130518 111.71000 114.50000 112.00000 113.63000 2891.004 BTC 122.25000 125.31189 123.50000 123.21100 22615.72
20130518 111.71000 114.50000 112.00000 113.63000 2891.004 BTC 123.49997 125.31189 122.25 123.211 22615.71905932 2800255.8929722 123.81900772766
20130519 111.00000 114.40000 113.65000 112.16000 3179.108 BTC 119.50000 124.50101 123.25000 122.49999 20478.43
20130519 111.00000 114.40000 113.65000 112.16000 3179.108 BTC 123.211 124.50101 119.5 122.5 20478.43216293 2495650.3412188 121.8672563096
20130520 112.00000 114.39000 112.70000 113.69900 2500.803 BTC 120.10000 123.69000 122.50000 122.02000 17238.12
20130520 112.00000 114.39000 112.70000 113.69900 2500.803 BTC 122.5 123.69 120.1 122.02 17238.1178932 2108418.9371372 122.31143505342
20130521 113.00000 116.90000 113.69000 116.87000 3876.683 BTC 121.10000 123.08085 121.99999 122.89001 13313.67
20130521 113.00000 116.90000 113.69000 116.87000 3876.683 BTC 122.02 123.08085 121.1 122.89001 13313.67351119 1628026.6679233 122.28230371992
20130522 115.15000 117.99000 116.67000 116.70100 4090.804 BTC 122.00000 124.50000 122.89001 123.80000 18198.48
20130522 115.15000 117.99000 116.67000 116.70100 4090.804 BTC 122.89001 124.5 122.0 123.8 18198.48063197 2238395.810672 122.99904898323
20130523 116.60000 121.20000 116.70100 120.69100 2946.776 BTC 123.00000 126.93446 123.80001 126.30000 22045.50
20130523 116.60000 121.20000 116.70100 120.69100 2946.776 BTC 123.8 126.93446 123.0 126.3 22045.49819667 2762861.5549805 125.32543063136
20130524 120.13000 129.93700 121.00000 128.20900 6414.473 BTC 125.35502 133.98000 126.30000 133.10000 48649.99
20130524 120.13000 129.93700 121.00000 128.20900 6414.473 BTC 126.3 133.98 125.35502 133.1 48649.98790055 6317090.6617404 129.84773345996
20130525 125.40000 128.91600 128.00900 127.44000 3117.096 BTC 128.20000 133.50000 133.40000 131.98600 16816.58
20130525 125.40000 128.91600 128.00900 127.44000 3117.096 BTC 133.1 133.5 128.2 131.986 16816.57733446 2200845.2888621 130.87355679399
20130526 127.03100 130.96000 127.94000 129.60200 2703.479 BTC 130.61000 136.00000 131.98600 133.50000 23327.21
20130526 127.03100 130.96000 127.94000 129.60200 2703.479 BTC 131.986 136.0 130.61 133.5 23327.21417077 3126240.2939774 134.01687278606
20130527 120.00000 131.00800 129.51000 127.15000 3861.947 BTC 124.00000 135.47000 133.50000 130.63967 46796.59
20130527 120.00000 131.00800 129.51000 127.15000 3861.947 BTC 133.5 135.47 124.0 129.76999 46796.58527778 6052716.4703216 129.34098576623
20130528 122.01000 127.29900 126.25000 125.20000 3315.183 BTC 125.40000 130.62998 129.76994 128.99996 22748.70
20130528 122.01000 127.29900 126.25000 125.20000 3315.183 BTC 129.76999 130.62998 125.4 128.99996 22748.69803309 2911329.3922383 127.97784682021
20130529 123.94400 129.48100 125.20000 127.66000 2781.840 BTC 127.60000 132.71988 128.99901 132.25000 19177.31
20130529 123.94400 129.48100 125.20000 127.66000 2781.840 BTC 128.99996 132.71988 127.6 132.25 19177.31065412 2500237.3946863 130.37476629441
20130530 125.57000 129.90000 127.99000 126.50000 3476.843 BTC 126.50000 132.40000 132.25000 128.79901 24566.45
20130530 125.57000 129.90000 127.99000 126.50000 3476.843 BTC 132.25 132.4 126.5 128.79901 24566.45307206 3179031.5988959 129.40539643924
20130531 125.30000 127.56800 126.50000 126.34700 1965.556 BTC 126.33000 130.00000 128.80000 128.81505 16466.87
20130531 125.30000 127.56800 126.50000 126.34700 1965.556 BTC 128.79901 130.0 126.33 128.81505 16466.87087304 2110227.3380183 128.14986856266
20130601 125.51000 127.48000 126.00000 127.47000 1531.484 BTC 127.10001 129.78999 128.82506 128.55000 6309.921
20130601 125.51000 127.48000 126.00000 127.47000 1531.484 BTC 128.81505 129.78999 127.10001 129.3 6309.9210657 810240.47582816 128.40738693746
20130602 116.00000 127.79600 127.47000 120.80000 6205.515 BTC 115.00000 130.10000 129.29810 122.50000 101114.7
20130602 116.00000 127.79600 127.47000 120.80000 6205.515 BTC 129.3 130.1 115.0 122.5 101114.7377844 12332357.624368 121.96399748041
20130603 115.00000 121.58200 120.99600 119.67000 4630.431 BTC 115.11100 122.78483 122.49962 120.73716 28795.29
20130603 115.00000 121.58200 120.99600 119.67000 4630.431 BTC 122.5 122.78483 115.111 120.73716 28795.28913604 3426873.3970468 119.00812597703
20130604 118.22000 123.07000 119.67000 119.70000 3515.197 BTC 118.78525 123.99000 121.21357 121.39997 21749.73
20130604 118.22000 123.07000 119.67000 119.70000 3515.197 BTC 120.73716 123.99 118.78525 121.39997 21749.72552577 2633256.9382818 121.0708123724
20130605 117.90100 121.15600 119.70000 120.49100 2950.948 BTC 119.50000 123.50000 121.39997 121.90001 16591.69
20130605 117.90100 121.15600 119.70000 120.49100 2950.948 BTC 121.39997 123.5 119.5 121.90001 16591.69071469 2015275.8438433 121.46295868805
20130606 117.90000 120.60000 120.50000 118.28000 2105.362 BTC 117.00000 123.29999 121.90000 118.96990 21921.97
20130606 117.90000 120.60000 120.50000 118.28000 2105.362 BTC 121.90001 123.29999 117.0 118.9699 21921.96967416 2623564.819294 119.67742216095
20130607 109.50000 119.00000 118.23000 111.79800 7900.614 BTC 106.15000 119.13333 118.02768 110.99997 65643.28
20130607 109.50000 119.00000 118.23000 111.79800 7900.614 BTC 118.9699 119.13333 106.15 111.0 65643.2840508 7357062.3178378 112.07639020839
20130608 107.01000 112.00000 111.80000 109.37000 4820.705 BTC 107.00000 113.18620 112.12000 107.89242 17113.57
20130608 107.01000 112.00000 111.80000 109.37000 4820.705 BTC 111.0 113.1862 107.0 107.89242 17113.57363407 1862090.6103198 108.80781829299
20130609 91.140000 109.37000 109.37000 102.50000 15348.67 BTC 107.89242 108.99 88.0 100.43743 149250.91623647 14628128.888189 98.010312144504
20130609 91.140000 109.37000 109.37000 102.50000 15348.67 BTC 88.000000 108.99000 107.89611 100.43743 149250.9
20130610 94.880000 107.77000 102.99900 105.12000 6336.589 BTC 100.43743 110.63051 95.0 106.35001 64125.61353956 6764668.7331722 105.4909007459
20130610 94.880000 107.77000 102.99900 105.12000 6336.589 BTC 95.000000 110.63051 101.00000 106.35001 64125.61
20130611 104.51000 109.13000 105.11000 108.00000 3355.257 BTC 103.23021 109.60000 106.10002 109.00000 15933.45
20130611 104.51000 109.13000 105.11000 108.00000 3355.257 BTC 106.35001 109.6 103.23021 109.0 15933.44765096 1704624.5158578 106.98403466717
20130612 106.98300 110.00000 108.50000 107.89000 3750.252 BTC 106.00000 112.25000 109.00000 108.77592 17540.54
20130612 106.98300 110.00000 108.50000 107.89000 3750.252 BTC 109.0 112.25 106.0 108.77592 17540.53639131 1916593.9877592 109.26655519547
20130613 100.80000 109.24000 107.89000 106.00000 4731.046 BTC 100.30000 110.30000 109.14444 103.94900 30276.66
20130613 100.80000 109.24000 107.89000 106.00000 4731.046 BTC 108.77592 110.3 100.3 103.949 30276.66270775 3186391.5754049 105.24249670982
20130614 99.400000 106.10000 105.71000 99.99800 5030.821 BTC 103.949 104.7 97.1 100.0 35923.52523833 3615245.1218114 100.63725922851
20130614 99.400000 106.10000 105.71000 99.99800 5030.821 BTC 97.100000 104.70000 103.94895 99.96286 35923.53
20130615 97.680000 102.90000 99.99000 100.51000 2641.148 BTC 100.0 103.7 97.5 99.8 22476.84118529 2257850.7936978 100.45231779168
20130615 97.680000 102.90000 99.99000 100.51000 2641.148 BTC 97.500000 103.70000 99.99999 99.80000 22476.84
20130616 99.410000 101.48000 100.51000 100.20000 1611.552 BTC 98.900170 101.74990 99.79000 99.90000 8619.582
20130616 99.410000 101.48000 100.51000 100.20000 1611.552 BTC 99.8 101.7499 98.90017 99.9 8619.5818222 861313.23049422 99.925175984283
20130617 99.402000 103.00000 100.33600 101.36000 2121.051 BTC 98.900000 102.40000 99.90000 101.95000 15024.77
20130617 99.402000 103.00000 100.33600 101.36000 2121.051 BTC 99.9 102.4 98.9 101.95 15024.77300982 1516435.3601321 100.92900299664
20130618 101.39000 109.99900 102.50000 104.90000 6886.337 BTC 101.03311 113.30000 101.95000 107.34100 60446.31
20130618 101.39000 109.99900 102.50000 104.90000 6886.337 BTC 101.95 113.3 101.03311 107.34998 60446.30587482 6491826.4666252 107.39823340189
20130619 103.50100 107.50000 105.00000 105.22500 3960.129 BTC 104.66030 110.98630 107.05000 108.21041 17421.00
20130619 103.50100 107.50000 105.00000 105.22500 3960.129 BTC 107.34998 110.9863 104.6603 108.251 17420.99530697 1879212.3171983 107.87054838631
20130620 104.22200 108.00000 105.22800 106.42400 4044.418 BTC 107.12222 114.48000 108.25000 111.29000 42909.53
20130620 104.22200 108.00000 105.22800 106.42400 4044.418 BTC 108.251 114.48 107.12222 111.29 42909.53046552 4774161.1047796 111.26108938936
20130621 102.83000 107.99700 106.77400 105.63400 5109.908 BTC 107.56000 115.00500 111.09999 109.50000 37916.61
20130621 102.83000 107.99700 106.77400 105.63400 5109.908 BTC 111.29 115.005 107.56 109.5 37916.61331617 4221551.7396642 111.33778495623
20130622 100.51100 105.90000 105.63400 101.70800 4366.036 BTC 107.51110 109.95653 108.90000 108.20000 7196.648
20130622 100.51100 105.90000 105.63400 101.70800 4366.036 BTC 109.5 109.95653 107.5111 108.2 7196.64828927 781056.97332253 108.53065787404
20130623 99.490000 102.93200 102.19900 101.15800 3908.771 BTC 106.19675 109.00000 108.00003 107.90001 10974.21
20130623 99.490000 102.93200 102.19900 101.15800 3908.771 BTC 108.2 109.0 106.19675 107.90001 10974.21215455 1179572.7449061 107.48587035626
20130624 92.198000 101.69900 100.51100 96.226000 6039.049 BTC 100.76100 108.33400 107.60002 102.10003 28755.72
20130624 92.198000 101.69900 100.51100 96.226000 6039.049 BTC 107.90001 108.334 100.761 102.09 28755.72057729 2970209.4330217 103.29107994489
20130625 95.998000 102.00000 96.494000 98.000000 4874.862 BTC 100.00000 109.98000 102.97996 103.32933 93495.87
20130625 95.998000 102.00000 96.494000 98.000000 4874.862 BTC 102.09 109.98 100.0 103.32933 93495.86718208 9737161.7402378 104.14537063199
20130626 97.000000 98.989000 98.000000 97.999000 1075.046 BTC 101.83220 105.48990 103.84000 104.00000 13074.01
20130626 97.000000 98.989000 98.000000 97.999000 1075.046 BTC 103.32933 105.4899 101.8322 104.0 13074.00919462 1361155.0078804 104.11152291681
20130627 95.135000 98.175000 97.999000 95.200000 2002.846 BTC 100.05500 104.00000 103.99999 101.73678 14516.46
20130627 95.135000 98.175000 97.999000 95.200000 2002.846 BTC 104.0 104.0 100.055 101.73678 14516.4612223 1481838.8903889 102.07989865413
20130628 87.050000 95.799000 95.494000 88.989000 6368.747 BTC 101.73678 101.78799 92.25 94.66 47455.08828225 4594020.5738051 96.807755292358
20130628 87.050000 95.799000 95.494000 88.989000 6368.747 BTC 92.250000 101.78799 101.60626 94.660000 47455.09
20130629 86.800000 91.999000 88.969000 89.596000 3269.418 BTC 93.000000 100.43980 94.700000 94.999000 25419.63
20130629 86.800000 91.999000 88.969000 89.596000 3269.418 BTC 94.66 100.4398 93.0 94.999 25419.62604578 2457873.2416889 96.691951221566
20130630 89.000000 91.489000 89.450000 90.207000 2627.340 BTC 93.850000 98.122280 94.999000 97.510000 8488.317
20130630 89.000000 91.489000 89.450000 90.207000 2627.340 BTC 94.999 98.12228 93.85 97.51 8488.31723474 822038.90366444 96.843565212209
20130701 75.566000 91.974000 90.207000 81.008000 11457.37 BTC 86.011000 98.180100 97.508880 88.050000 52796.20
20130701 75.566000 91.974000 90.207000 81.008000 11457.37 BTC 97.51 98.1801 86.011 88.05 52796.19895217 4817325.3556354 91.24379124339
20130702 80.245000 86.600000 81.008000 85.400000 5822.769 BTC 87.510000 92.570000 88.040000 90.510000 27396.38
20130702 80.245000 86.600000 81.008000 85.400000 5822.769 BTC 88.05 92.57 87.51 90.40502 27396.38243066 2466507.4280215 90.030405812307
20130703 76.000000 86.087000 85.399000 77.448000 8685.152 BTC 76.000000 91.200000 90.040070 78.889000 73017.06
20130703 76.000000 86.087000 85.399000 77.448000 8685.152 BTC 90.40502 91.2 76.0 78.89 73017.06371949 6073317.6922233 83.176690253598
20130704 72.450000 82.001000 77.400000 79.522000 12769.34 BTC 72.000000 84.270010 78.200010 80.200990 63440.37
20130704 72.450000 82.001000 77.400000 79.522000 12769.34 BTC 78.89 84.27001 72.0 80.03565 63440.37084249 4966499.6394602 78.286106677905
20130705 63.320000 79.700000 79.644000 66.389000 15918.65 BTC 65.424480 80.602990 80.042140 68.500010 90767.53
20130705 63.320000 79.700000 79.644000 66.389000 15918.65 BTC 80.03565 80.60299 65.42448 68.50001 90767.5308438 6454413.4182683 71.109276172512
20130706 63.503000 72.100000 66.499000 65.501000 7464.448 BTC 66.811900 74.999970 68.889970 69.655000 40793.42
20130706 63.503000 72.100000 66.499000 65.501000 7464.448 BTC 68.50001 74.99997 66.8119 69.655 40793.42138417 2866037.1496131 70.257336902986
20130707 64.120000 75.000000 65.501000 74.000000 4606.924 BTC 66.600010 77.000000 69.662060 76.500000 42847.02
20130707 64.120000 75.000000 65.501000 74.000000 4606.924 BTC 69.655 77.0 66.60001 76.5 42847.01817807 3032307.7892501 70.770567432439
20130708 69.000000 77.526000 73.999000 73.099000 8944.526 BTC 72.460000 80.000000 76.500000 76.000030 58514.64
20130708 69.000000 77.526000 73.999000 73.099000 8944.526 BTC 76.5 80.0 72.46 76.00003 58514.64135019 4503253.4523977 76.959430127027
20130709 68.350000 73.400000 72.739000 72.248000 6088.398 BTC 72.510000 78.300000 76.001010 76.700000 32217.40
20130709 68.350000 73.400000 72.739000 72.248000 6088.398 BTC 76.00003 78.3 72.51 76.7 32217.39709744 2437106.0444124 75.645653093624
20130710 70.329000 81.989000 71.787000 80.190000 8079.104 BTC 75.530000 89.840000 76.700000 88.000000 59672.71
20130710 70.329000 81.989000 71.787000 80.190000 8079.104 BTC 76.7 89.84 75.53 88.0 59672.70817379 4916740.8901436 82.395135743196
20130711 78.222000 84.100000 80.499000 82.500000 6609.122 BTC 85.000010 90.700000 87.946360 88.979010 35244.01
20130711 78.222000 84.100000 80.499000 82.500000 6609.122 BTC 88.0 90.7 85.00001 88.97901 35244.00911985 3084484.635457 87.517984261338
20130712 82.495000 95.888000 82.999000 86.999000 14098.00 BTC 88.000000 104.17188 88.979010 93.989940 101213.5
20130712 82.495000 95.888000 82.999000 86.999000 14098.00 BTC 88.97901 104.17188 88.0 93.98994 101213.45320007 9759561.4837221 96.425536083916
20130713 82.301000 90.092000 87.200000 88.990000 5776.986 BTC 87.764040 98.320000 93.989940 98.303050 34261.15
20130713 82.301000 90.092000 87.200000 88.990000 5776.986 BTC 93.98994 98.32 87.76404 98.32 34261.15175462 3186590.7375772 93.008862060436
20130714 85.740000 90.000000 89.032000 87.899000 2194.814 BTC 92.860000 99.000000 98.320000 94.419860 12218.47
20130714 85.740000 90.000000 89.032000 87.899000 2194.814 BTC 98.32 99.0 92.86 94.41986 12218.46730597 1171458.4844617 95.876058357108
20130715 86.400000 92.200000 87.290000 91.300000 4863.695 BTC 93.110000 101.94000 94.339990 98.890280 34121.74
20130715 86.400000 92.200000 87.290000 91.300000 4863.695 BTC 94.41986 101.94 93.11 98.89028 34121.74218573 3366165.0194714 98.651616355008
20130716 87.000000 91.749000 91.300000 88.550000 3557.795 BTC 96.000000 100.73190 98.899990 97.100000 15900.43
20130716 87.000000 91.749000 91.300000 88.550000 3557.795 BTC 98.89028 100.7319 96.0 97.1 15900.42627769 1560692.6967007 98.154141872955
20130717 88.010000 90.085000 88.551000 88.999000 3163.362 BTC 96.180000 100.00000 96.970000 98.500020 16680.42
20130717 88.010000 90.085000 88.551000 88.999000 3163.362 BTC 97.1 100.0 96.18 98.50001 16680.42435808 1642097.5969111 98.44459359427
20130718 81.000000 89.800000 89.498000 83.468000 6938.076 BTC 86.200000 98.800000 98.500020 90.068890 58919.25
20130718 81.000000 89.800000 89.498000 83.468000 6938.076 BTC 98.50001 98.8 86.2 90.06889 58919.25203991 5358091.0484864 90.939563266303
20130719 82.002000 85.400000 83.876000 83.800000 2953.463 BTC 87.600000 95.200100 90.080000 92.089990 26957.55
20130719 82.002000 85.400000 83.876000 83.800000 2953.463 BTC 90.06889 95.2001 87.6 92.0 26957.54732676 2474448.1512463 91.790552057758
20130720 83.500000 85.290000 83.765000 83.950000 1721.885 BTC 89.270000 93.100720 92.000000 89.821380 9066.005
20130720 83.500000 85.290000 83.765000 83.950000 1721.885 BTC 92.0 93.10072 89.27 89.82138 9066.00458489 829452.96139212 91.490463480965
20130721 82.500000 84.900000 83.980000 83.797000 1583.502 BTC 88.000000 92.000000 89.949980 91.998000 8614.052
20130721 82.500000 84.900000 83.980000 83.797000 1583.502 BTC 89.82138 92.0 88.0 91.998 8614.05186903 769333.68157737 89.311475397926
20130722 83.000000 84.900000 83.800000 84.400000 1778.816 BTC 89.800000 92.000000 91.980000 91.601000 8215.902
20130722 83.000000 84.900000 83.800000 84.400000 1778.816 BTC 91.998 92.0 89.8 91.601 8215.90226022 751344.12111282 91.449982888758
20130723 84.000000 87.300000 84.500000 85.980000 3695.103 BTC 91.600010 97.131240 91.601000 95.558510 23790.42
20130723 84.000000 87.300000 84.500000 85.980000 3695.103 BTC 91.601 97.13124 91.60001 95.55851 23790.4206968 2251574.5491522 94.642065302153
20130724 85.786000 87.564000 85.980000 86.869000 2584.334 BTC 92.300000 95.990000 95.611550 95.089990 13827.20
20130724 85.786000 87.564000 85.980000 86.869000 2584.334 BTC 95.55851 95.99 92.3 95.08999 13827.2039573 1304035.3449744 94.30940260963
20130725 86.118000 88.990000 86.860000 88.890000 3686.318 BTC 93.570000 97.476700 95.090000 96.950000 21666.37
20130725 86.118000 88.990000 86.860000 88.890000 3686.318 BTC 95.08999 97.4767 93.57 96.95 21666.37016526 2086771.4617035 96.3138470259
20130726 88.220000 89.998000 88.910000 89.496000 3632.222 BTC 96.000000 97.476000 96.999970 96.020150 10435.80
20130726 88.220000 89.998000 88.910000 89.496000 3632.222 BTC 96.95 97.476 96.0 96.02015 10435.79598856 1004832.5758999 96.287104213361
20130727 86.403000 89.590000 89.400000 87.600000 2331.831 BTC 93.000000 97.000000 96.020150 94.116030 14637.48
20130727 86.403000 89.590000 89.400000 87.600000 2331.831 BTC 96.02015 97.0 93.0 94.4 14637.4790579 1383243.8209381 94.500140049156
20130728 87.500000 90.900000 87.900000 89.500000 3513.132 BTC 94.000000 100.57710 94.200000 98.780080 42022.37
20130728 87.500000 90.900000 87.900000 89.500000 3513.132 BTC 94.4 100.5771 94.0 98.78002 42022.37440094 4137932.5553181 98.469746517354
20130729 88.600000 92.589000 89.500000 91.200000 4419.124 BTC 98.450000 102.85000 98.780090 101.48400 23930.02
20130729 88.600000 92.589000 89.500000 91.200000 4419.124 BTC 98.78002 102.85 98.45 101.484 23930.02363512 2412405.7371105 100.81083804572
20130730 90.761000 95.000000 91.000000 95.000000 4359.158 BTC 100.47000 107.99000 101.21001 107.86999 26911.77
20130730 90.761000 95.000000 91.000000 95.000000 4359.158 BTC 101.484 107.99 100.47 107.96 26911.7736967 2793637.0165014 103.80724243546
20130731 94.010000 99.90000 95.000000 97.000000 7524.604 BTC 103.55000 111.65202 107.26367 106.21188 44785.60
20130731 94.010000 99.90000 95.000000 97.000000 7524.604 BTC 107.96 111.65202 103.55 106.21188 44785.59508539 4838033.798462 108.02656053219
20130801 93.500000 97.234000 96.984000 94.750000 3109.729 BTC 103.00000 108.00000 106.22691 104.00003 13994.49
20130801 93.500000 97.234000 96.984000 94.750000 3109.729 BTC 106.21188 108.0 103.0 104.0 13994.49186792 1473502.3984169 105.29159703144
20130802 93.211000 96.999000 94.990000 96.000000 4281.646 BTC 101.21111 108.00000 104.62049 104.50102 26584.85
20130802 93.211000 96.999000 94.990000 96.000000 4281.646 BTC 104.0 108.0 101.21111 104.50102 26584.84983005 2793208.5586528 105.06768240216
20130803 94.030000 96.269000 96.000000 94.743000 1726.164 BTC 102.00000 105.88520 104.60000 104.90838 8342.919
20130803 94.030000 96.269000 96.000000 94.743000 1726.164 BTC 104.50102 105.8852 102.0 104.95 8342.91897611 866021.17841067 103.80313903209
20130804 93.500000 95.120000 94.743000 94.359000 1758.420 BTC 103.50108 106.00000 104.90000 105.12000 6101.207
20130804 93.500000 95.120000 94.743000 94.359000 1758.420 BTC 104.95 106.0 103.50108 105.12 6101.207154 639772.27329411 104.85994937487
20130805 94.043000 96.800000 94.460000 96.460000 2960.023 BTC 105.00000 107.77000 105.12000 106.72001 14507.93
20130805 94.043000 96.800000 94.460000 96.460000 2960.023 BTC 105.12 107.77 105.0 106.72001 14507.93054182 1543737.6676461 106.40646942692
20130806 95.900000 98.000000 96.464000 97.320000 2817.530 BTC 105.11111 107.50000 106.22002 106.55641 12234.57
20130806 95.900000 98.000000 96.464000 97.320000 2817.530 BTC 106.72001 107.5 105.11111 106.55641 12234.56543444 1301008.1324857 106.33872853575
20130807 96.010000 98.200000 97.320000 97.460000 2784.630 BTC 105.22000 106.96000 106.55640 105.98993 6791.445
20130807 96.010000 98.200000 97.320000 97.460000 2784.630 BTC 106.55641 106.96 105.22 105.98993 6791.44510279 719935.2242271 106.00619063111
20130808 92.420000 97.493000 97.480000 94.383000 6098.342 BTC 100.95969 106.65000 105.98992 103.05000 23221.29
20130808 92.420000 97.493000 97.480000 94.383000 6098.342 BTC 105.98993 106.65 100.95969 103.05 23221.28619327 2397802.0301427 103.25879497741
20130809 93.160000 95.500000 94.536000 93.821000 1830.478 BTC 101.93500 105.78999 103.07000 102.44011 10979.39
20130809 93.160000 95.500000 94.536000 93.821000 1830.478 BTC 103.05 105.78999 101.935 102.8 10979.38698891 1133150.5259322 103.20708497447
20130810 92.000000 94.732000 93.821000 92.941000 2326.956 BTC 102.38001 103.89999 102.38002 102.99999 3411.334
20130810 92.000000 94.732000 93.821000 92.941000 2326.956 BTC 102.8 103.89999 102.38001 102.99999 3411.33361023 351636.37030015 103.07885726733
20130811 92.500000 95.590000 92.941000 93.135000 2538.262 BTC 102.70000 105.19000 102.99999 105.00000 7870.901
20130811 92.500000 95.590000 92.941000 93.135000 2538.262 BTC 102.99999 105.19 102.7 105.0 7870.90128899 820721.72124837 104.27290231633
20130812 92.392000 94.900000 93.135000 94.843000 2775.709 BTC 103.50000 108.12100 105.00000 106.81350 19141.60
20130812 92.392000 94.900000 93.135000 94.843000 2775.709 BTC 105.0 108.121 103.5 106.81349 19141.59538553 2030771.2695732 106.09205913464
20130813 93.700000 95.010000 94.895000 94.980000 2382.237 BTC 104.50000 109.64000 106.98999 109.60000 17808.47
20130813 93.700000 95.010000 94.895000 94.980000 2382.237 BTC 106.81349 109.64 104.5 109.6 17808.46728542 1912320.2478749 107.38264092162
20130814 94.500000 98.270000 94.980000 97.605000 5043.952 BTC 108.00000 115.00000 109.42519 112.56205 49406.68
20130814 94.500000 98.270000 94.980000 97.605000 5043.952 BTC 109.6 115.0 108.0 112.56205 49406.67952575 5567652.074094 112.69027037513
20130815 95.941000 98.100000 97.603000 96.298000 2547.068 BTC 108.78000 113.32100 112.56206 109.99497 14794.82
20130815 95.941000 98.100000 97.603000 96.298000 2547.068 BTC 112.56205 113.321 108.78 109.99497 14794.82106232 1643457.6722331 111.08330849764
20130816 95.000000 96.900000 96.298000 96.788000 1938.086 BTC 108.21000 112.30000 109.10523 108.99438 12567.48
20130816 95.000000 96.900000 96.298000 96.788000 1938.086 BTC 109.99497 112.3 108.21 108.99438 12567.47612245 1378751.9844139 109.70794541243
20130817 96.003000 97.200000 96.630000 96.961000 1279.676 BTC 108.22500 114.00000 108.99499 112.75000 12258.66
20130817 96.003000 97.200000 96.630000 96.961000 1279.676 BTC 108.99438 114.0 108.225 112.75 12258.65847473 1373044.6488114 112.00610993787
20130818 96.500000 97.288000 96.997000 96.852000 1290.940 BTC 112.00000 114.69000 112.76000 113.38000 9324.881
20130818 96.500000 97.288000 96.997000 96.852000 1290.940 BTC 112.75 114.69 112.0 113.38 9324.88050685 1059845.2295827 113.65778133072
20130819 96.720000 100.62400 96.891000 99.100000 4699.541 BTC 111.77100 123.74518 113.39500 118.50203 51420.13
20130819 96.720000 100.62400 96.891000 99.100000 4699.541 BTC 113.38 123.74518 111.771 118.50203 51420.13492404 6088398.4692751 118.40494931159
20130820 99.000000 103.10100 99.100000 103.10100 2431.288 BTC 116.81700 123.01111 119.00000 121.20001 23213.86
20130820 99.000000 103.10100 99.100000 103.10100 2431.288 BTC 118.50203 123.01111 116.817 121.20001 23213.8588757 2803868.5292586 120.78424979975
20130821 101.13000 109.00000 103.10000 107.12000 5668.106 BTC 119.68162 125.00000 121.20003 123.30002 29616.91
20130821 101.13000 109.00000 103.10000 107.12000 5668.106 BTC 121.20001 125.0 119.68162 123.30002 29616.91489764 3637947.8196757 122.83344947469
20130822 106.00300 109.00000 107.67000 106.91300 3416.100 BTC 120.54000 124.49000 123.13496 121.99994 12815.39
20130822 106.00300 109.00000 107.67000 106.91300 3416.100 BTC 123.30002 124.49 120.54 121.99994 12815.3886876 1563933.7438073 122.03560749745
20130823 102.13800 107.30000 106.97900 105.25000 3521.027 BTC 118.44400 122.00000 121.99993 118.51002 18231.25
20130823 102.13800 107.30000 106.97900 105.25000 3521.027 BTC 121.99994 122.0 118.444 118.51002 18231.25161964 2180668.6004409 119.61156841759
20130824 104.10000 107.00000 105.24000 106.35800 1949.824 BTC 118.02000 121.39000 118.51003 119.60255 8370.821
20130824 104.10000 107.00000 105.24000 106.35800 1949.824 BTC 118.51002 121.39 118.02 119.60255 8370.82050358 1001638.1597472 119.65830103737
20130825 106.05400 110.35000 106.32000 109.30000 3373.489 BTC 119.14000 122.99000 119.60255 122.11102 7101.525
20130825 106.05400 110.35000 106.32000 109.30000 3373.489 BTC 119.60255 122.99 119.14 122.11102 7101.52481065 864221.29020339 121.6951729729
20130826 106.20600 110.00000 109.30000 108.39000 2991.507 BTC 119.91611 122.96996 122.11100 120.11122 10115.28
20130826 106.20600 110.00000 109.30000 108.39000 2991.507 BTC 122.11102 122.96996 119.91611 120.07 10115.2755731 1226894.276142 121.29123594069
20130827 108.28900 116.50000 108.39000 115.36000 5997.454 BTC 120.00000 133.00000 120.10000 131.29500 52815.73
20130827 108.28900 116.50000 108.39000 115.36000 5997.454 BTC 120.07 133.0 120.0 131.295 52815.73043665 6753064.3492056 127.86085307114
20130828 114.01300 116.29900 115.36000 115.20000 3061.466 BTC 128.02000 131.72442 130.20501 128.76000 11556.09
20130828 114.01300 116.29900 115.36000 115.20000 3061.466 BTC 131.295 131.72442 128.02 128.76 11556.08807684 1498911.3274357 129.70750287372
20130829 114.79600 116.08000 115.59800 115.97200 1712.806 BTC 128.18000 131.20000 128.57206 129.30034 7362.924
20130829 114.79600 116.08000 115.59800 115.97200 1712.806 BTC 128.76 131.2 128.18 129.30034 7362.92437175 950327.42135453 129.06929005012
20130830 115.51200 121.95000 115.97200 120.72200 5041.483 BTC 128.56000 142.76173 129.30033 138.03002 44989.75
20130830 115.51200 121.95000 115.97200 120.72200 5041.483 BTC 129.30034 142.76173 128.56 138.03002 44989.75390177 6130666.3118789 136.26805617263
20130831 120.00000 126.55500 121.23200 122.90000 5162.412 BTC 135.89000 148.70000 138.03002 141.00000 30617.80
20130831 120.00000 126.55500 121.23200 122.90000 5162.412 BTC 138.03002 148.7 135.89 141.0 30617.80027032 4379539.8553032 143.03901053103
20130901 119.00000 126.40200 122.90000 126.40200 2702.101 BTC 141.00000 147.29000 141.00000 146.01003 13933.38
20130901 119.00000 126.40200 122.90000 126.40200 2702.101 BTC 141.0 147.29 141.0 146.01003 13933.37846615 2012831.9704496 144.46115673521
20130902 123.05000 126.56600 126.40200 124.77400 3418.256 BTC 142.11000 148.50000 146.01005 144.00000 10444.51
20130902 123.05000 126.56600 126.40200 124.77400 3418.256 BTC 146.01003 148.5 142.11 144.0 10444.51454011 1515953.5536115 145.14351507577
20130903 123.50000 125.96000 124.72700 124.99900 2179.547 BTC 142.20000 148.90893 144.00000 144.00000 15761.47
20130903 123.50000 125.96000 124.72700 124.99900 2179.547 BTC 144.0 148.90893 142.2 144.0 15761.46935308 2289067.0618413 145.23183153568
20130904 112.10000 124.99900 124.99900 116.49400 8216.855 BTC 130.08998 145.80000 144.00000 132.51000 27617.96
20130904 112.10000 124.99900 124.99900 116.49400 8216.855 BTC 144.0 145.8 130.08998 132.51 27617.9571232 3789771.8156001 137.22129405496
20130905 111.61100 119.48700 116.92300 118.04000 4454.862 BTC 127.24164 137.97000 132.51000 130.20002 25687.39
20130905 111.61100 119.48700 116.92300 118.04000 4454.862 BTC 132.51 137.97 127.24164 130.20002 25687.39499566 3388171.0544358 131.90014226855
20130906 113.00000 119.28900 117.88900 113.00000 4223.288 BTC 121.90000 133.99999 131.65000 121.90000 18412.95
20130906 113.00000 119.28900 117.88900 113.00000 4223.288 BTC 130.20002 133.99999 121.9 121.9 18159.81754973 2306510.2139523 127.01175040091
20130907 112.12500 119.00000 113.01500 117.03100 3037.873 BTC 121.25000 131.02499 122.41000 128.98251 13551.30
20130907 112.12500 119.00000 113.01500 117.03100 3037.873 BTC 121.9 131.02499 121.25 128.99496 13551.30085697 1711444.1347451 126.29371547492
20130908 114.40000 118.34500 117.78600 115.44000 2121.487 BTC 124.06000 129.86999 128.50000 126.31501 7127.432
20130908 114.40000 118.34500 117.78600 115.44000 2121.487 BTC 128.99496 129.86999 124.06 126.31501 7127.43201276 898013.72647435 125.99400806162
20130909 114.50000 121.99900 115.76300 119.92400 4315.984 BTC 124.00000 137.48007 126.31502 133.10000 28172.62
20130909 114.50000 121.99900 115.76300 119.92400 4315.984 BTC 126.31501 137.48007 124.0 133.1 28172.62104611 3713063.368739 131.79687337795
20130910 119.31200 121.90900 119.92300 119.99800 2050.976 BTC 131.37500 136.02000 133.10000 132.61636 7833.100
20130910 119.31200 121.90900 119.92300 119.99800 2050.976 BTC 133.1 136.02 131.375 132.61636 7833.10006064 1046934.1679876 133.655150564
20130911 117.00000 124.90000 119.46500 124.00000 6522.901 BTC 127.50000 145.90000 132.61636 142.04045 40468.78
20130911 117.00000 124.90000 119.46500 124.00000 6522.901 BTC 132.61636 145.9 127.5 142.1 40468.77750008 5561047.2643662 137.41574635792
20130912 122.56000 124.89800 123.94900 123.39000 3568.335 BTC 137.51000 145.51679 142.10000 139.35499 19360.48
20130912 122.56000 124.89800 123.94900 123.39000 3568.335 BTC 142.1 145.51679 137.51 139.35499 19360.47991208 2726354.3582664 140.82059797316
20130913 122.00000 125.00000 122.60000 124.75000 2758.892 BTC 137.82000 145.60414 138.37013 140.66000 18892.27
20130913 122.00000 125.00000 122.60000 124.75000 2758.892 BTC 139.35499 145.60414 137.82 140.66 18892.27351611 2701141.0167351 142.97596392684
20130914 122.51100 125.00000 124.75000 123.14400 3120.841 BTC 136.50000 142.00000 140.66000 136.71490 8361.595
20130914 122.51100 125.00000 124.75000 123.14400 3120.841 BTC 140.66 142.0 136.5 136.7149 8361.59516402 1162873.3144683 139.07314234396
20130915 121.00000 124.03000 123.78600 123.60000 2926.253 BTC 135.04000 141.00000 136.71627 138.30020 6197.923
20130915 121.00000 124.03000 123.78600 123.60000 2926.253 BTC 136.7149 141.0 135.04 138.3002 6197.92329567 852533.92255197 137.55154458712
20130916 122.40000 125.00000 123.60000 123.99900 3993.128 BTC 137.90000 142.23000 138.40000 139.41938 9267.736
20130916 122.40000 125.00000 123.60000 123.99900 3993.128 BTC 138.3002 142.23 137.9 139.41938 9267.73564567 1295814.5418731 139.81997236602
20130917 123.15100 125.00000 124.00000 124.50200 3294.777 BTC 138.00000 141.37000 139.01000 139.15001 8242.270
20130917 123.15100 125.00000 124.00000 124.50200 3294.777 BTC 139.41938 141.37 138.0 139.15001 8242.27003313 1149306.1215193 139.44048385937
20130918 124.42300 126.01000 124.98000 125.09200 3383.462 BTC 139.01001 142.00000 139.15002 140.41238 8189.608
20130918 124.42300 126.01000 124.98000 125.09200 3383.462 BTC 139.15001 142.0 139.01001 140.41238 8189.60821198 1148501.3907364 140.23886869905
20130919 120.00000 125.00000 125.00000 120.75300 4778.465 BTC 131.14000 141.20000 140.41234 135.05037 19769.45
20130919 120.00000 125.00000 125.00000 120.75300 4778.465 BTC 140.41238 141.2 131.14 135.05037 19769.44641345 2695293.8869115 136.3363359066
20130920 119.50200 123.99900 120.89900 121.11600 4271.193 BTC 131.00000 137.28000 135.89477 133.80726 9923.671
20130920 119.50200 123.99900 120.89900 121.11600 4271.193 BTC 135.05037 137.28 131.0 133.80726 9923.6707145 1334825.5474332 134.50925427048
20130921 120.80000 122.49500 121.11600 121.10000 1925.170 BTC 132.00000 135.99000 133.80726 134.38000 4441.248
20130921 120.80000 122.49500 121.11600 121.10000 1925.170 BTC 133.80726 135.99 132.0 134.38 4441.24753163 594385.98521519 133.83311355245
20130922 120.50000 122.18900 121.37000 121.69800 1502.087 BTC 131.00000 135.00000 134.33795 134.00001 5570.740
20130922 120.50000 122.18900 121.37000 121.69800 1502.087 BTC 134.38 135.0 131.0 134.00001 5570.74042551 739648.90260638 132.77389469078
20130923 120.00900 122.20000 121.68500 120.88600 2571.713 BTC 132.00000 135.00000 134.90000 133.40000 4464.493
20130923 120.00900 122.20000 121.68500 120.88600 2571.713 BTC 134.00001 135.0 132.0 133.4 4464.49340033 596235.69621257 133.55058295495
20130924 119.50200 121.79400 120.88600 121.73400 3351.598 BTC 132.50000 136.59141 133.40000 134.77880 6929.870
20130924 119.50200 121.79400 120.88600 121.73400 3351.598 BTC 133.4 136.59141 132.5 134.7788 6929.8703802 932097.51852469 134.50432221472
20130925 121.00000 123.80000 121.72600 122.55400 3257.803 BTC 134.70000 138.00000 134.77898 135.01000 8243.785
20130925 121.00000 123.80000 121.72600 122.55400 3257.803 BTC 134.7788 138.0 134.7 135.0 8243.78503955 1122963.7529748 136.21943653156
20130926 121.01400 123.18900 122.55400 122.74900 2236.259 BTC 134.71000 139.00000 135.00135 137.10002 5222.838
20130926 121.01400 123.18900 122.55400 122.74900 2236.259 BTC 135.0 139.0 134.71 137.10002 5222.83803702 712709.65076646 136.46022444401
20130927 121.59000 123.49900 121.99000 122.73900 2487.793 BTC 134.82811 142.66000 135.85005 138.93000 25900.19
20130927 121.59000 123.49900 121.99000 122.73900 2487.793 BTC 137.10002 142.66 134.82811 138.93 25900.19083478 3593626.8131545 138.74904768381
20130928 122.06000 123.70000 122.80500 123.60000 1708.734 BTC 138.02021 143.00000 138.93000 142.50000 12989.28
20130928 122.06000 123.70000 122.80500 123.60000 1708.734 BTC 138.93 143.0 138.02021 142.5 12989.27676342 1827958.4757241 140.72827217539
20130929 122.90000 124.79000 123.60000 123.05100 2683.695 BTC 141.36005 145.81000 142.49000 143.88402 17790.60
20130929 122.90000 124.79000 123.60000 123.05100 2683.695 BTC 142.5 145.81 141.36005 143.88402 17790.59945709 2567567.3901605 144.32157816566
20130930 121.20000 123.98000 123.10100 122.99900 2923.574 BTC 138.12000 145.81000 143.89402 141.89650 12845.12
20130930 121.20000 123.98000 123.10100 122.99900 2923.574 BTC 143.88402 145.81 138.12 141.8965 12845.11957083 1825855.1650703 142.14388235175
20131001 122.71700 124.68800 123.00000 123.74700 3832.021 BTC 139.41000 144.44000 143.28122 140.30000 7709.568
20131001 122.71700 124.68800 123.00000 123.74700 3832.021 BTC 141.8965 144.44 139.41 140.3 7709.56774703 1092164.8321336 141.66356246812
20131002 75.200000 124.49200 123.74700 101.14000 16489.85 BTC 109.70000 141.92999 140.30001 123.00000 110147.6
20131002 75.200000 124.49200 123.74700 101.14000 16489.85 BTC 140.3 141.92999 109.7 123.0 110147.63962634 13742025.509595 124.76005437986
20131003 100.00000 116.50000 101.90700 115.20000 7534.416 BTC 120.10000 132.00000 123.00000 130.87990 34445.57
20131003 100.00000 116.50000 101.90700 115.20000 7534.416 BTC 123.0 132.0 120.1 130.98925 34445.56769722 4386579.6014464 127.34815811439
20131004 115.22400 120.80000 115.23000 118.83300 4442.154 BTC 128.50000 139.80000 130.97902 136.82222 17710.25
20131004 115.22400 120.80000 115.23000 118.83300 4442.154 BTC 130.98925 139.8 128.5 136.82222 17710.24526714 2387682.7629418 134.81929396946
20131005 118.22100 120.00000 119.30000 119.32100 1947.471 BTC 135.30000 138.00000 136.82222 136.69511 4479.667
20131005 118.22100 120.00000 119.30000 119.32100 1947.471 BTC 136.82222 138.0 135.3 136.69511 4479.66719631 611381.97818487 136.47933013606
20131006 118.22100 119.90000 119.12400 119.61100 1207.696 BTC 134.10000 138.00000 136.73026 137.80000 4660.128
20131006 118.22100 119.90000 119.12400 119.61100 1207.696 BTC 136.69511 138.0 134.1 137.8 4660.12778484 634030.99598281 136.05442280905
20131007 119.01000 123.87900 119.61000 121.20000 3270.412 BTC 135.12000 139.00000 137.01002 135.80001 6405.777
20131007 119.01000 123.87900 119.61000 121.20000 3270.412 BTC 137.8 139.0 135.12 135.80001 6405.77673665 878670.98707175 137.16853134211
20131008 120.58000 122.68700 121.25000 121.98900 3292.324 BTC 135.66000 137.79499 136.82274 136.50002 4157.410
20131008 120.58000 122.68700 121.25000 121.98900 3292.324 BTC 135.80001 137.79499 135.66 136.50002 4157.41019517 568230.66507357 136.67899928031
20131009 121.41300 123.99900 121.99000 123.86500 3909.621 BTC 135.80000 142.10000 136.50998 139.50000 16615.18
20131009 121.41300 123.99900 121.99000 123.86500 3909.621 BTC 136.50002 142.1 135.8 139.5 16615.17520573 2314148.32467 139.27920085201
20131010 123.00000 125.00000 123.36500 123.64100 5079.116 BTC 138.51000 141.69000 139.42001 140.41013 10157.64
20131010 123.00000 125.00000 123.36500 123.64100 5079.116 BTC 139.5 141.69 138.51 140.41013 10157.63851708 1428027.9150158 140.58660510655
20131011 123.16000 125.00000 123.64100 124.19300 3436.900 BTC 138.87001 141.85000 141.41000 140.11000 6280.511
20131011 123.16000 125.00000 123.64100 124.19300 3436.900 BTC 140.41013 141.85 138.87001 140.1 6280.51110682 883230.51777709 140.63035679023
20131012 123.71000 124.99000 123.71300 124.58400 1389.898 BTC 139.40000 143.05710 141.79290 142.85701 10622.03
20131012 123.71000 124.99000 123.71300 124.58400 1389.898 BTC 140.1 143.0571 139.4 142.89995 10622.02691805 1504393.7018497 141.62962619622
20131013 124.48000 128.66300 124.98000 128.66300 3846.286 BTC 141.50021 147.65000 142.61096 147.53000 15998.51
20131013 124.48000 128.66300 124.98000 128.66300 3846.286 BTC 142.89995 147.65 141.50021 147.53 15998.51490326 2317585.0615136 144.8625122724
20131014 127.83600 133.99900 128.66300 131.57000 7891.011 BTC 146.03267 153.69902 147.53000 151.38003 29438.93
20131014 127.83600 133.99900 128.66300 131.57000 7891.011 BTC 147.53 153.69902 146.03267 151.38003 29438.93040197 4432598.3219342 150.56927209684
20131015 130.80100 137.98900 131.49900 137.97900 5474.463 BTC 150.62800 158.10000 150.62950 158.02000 14282.45
20131015 130.80100 137.98900 131.49900 137.97900 5474.463 BTC 151.38003 158.1 150.628 158.1 14282.45187855 2204254.5845739 154.33306573113
20131016 131.80000 144.85000 137.21500 134.45000 9226.665 BTC 144.20004 163.00000 158.10000 152.70000 41433.58
20131016 131.80000 144.85000 137.21500 134.45000 9226.665 BTC 158.1 163.0 144.20004 152.83 41433.57690985 6434985.7144324 155.30847670801
20131017 134.20100 141.00000 135.44100 140.68000 6021.954 BTC 150.75471 159.95000 151.64500 157.60001 15093.85
20131017 134.20100 141.00000 135.44100 140.68000 6021.954 BTC 152.83 159.95 150.75471 157.60001 15093.84670754 2350949.1221548 155.7554656349
20131018 140.10900 147.50000 140.68000 147.49100 7485.167 BTC 156.50000 168.30000 158.25323 168.29998 24861.11
20131018 140.10900 147.50000 140.68000 147.49100 7485.167 BTC 157.60001 168.3 156.5 168.3 24861.11120458 4061489.2442626 163.36716451815
20131019 146.00000 160.00000 147.49100 156.80000 12951.09 BTC 167.10000 195.83267 168.20000 183.17999 54485.20
20131019 146.00000 160.00000 147.49100 156.80000 12951.09 BTC 168.3 195.83267 167.1 183.17999 54485.20003967 9865972.8772447 181.07619812466
20131020 154.50000 159.00000 156.79500 158.77400 2982.751 BTC 177.25000 186.12000 180.80004 186.10000 11174.87
20131020 154.50000 159.00000 156.79500 158.77400 2982.751 BTC 183.17999 186.12 177.25 186.12 11174.87164847 2043935.171134 182.9045769321
20131021 158.52500 173.99900 158.77400 171.36400 9094.977 BTC 183.20000 197.39005 186.12000 192.79500 22991.33
20131021 158.52500 173.99900 158.77400 171.36400 9094.977 BTC 186.12 197.39005 183.2 192.795 22991.33055353 4406343.3082594 191.65238384095
20131022 169.90000 186.00000 170.80000 184.60000 11630.88 BTC 192.79500 205.50000 192.79500 203.00000 32953.99
20131022 169.90000 186.00000 170.80000 184.60000 11630.88 BTC 192.795 205.5 192.795 203.0 32953.9859092 6582493.6457456 199.74802635052
20131023 182.84300 199.50000 184.60000 198.55400 15212.90 BTC 200.75000 228.00000 203.99829 228.00000 38958.66
20131023 182.84300 199.50000 184.60000 198.55400 15212.90 BTC 203.0 228.0 200.75 228.0 38958.65819673 8332514.7826577 213.88094889153
20131024 152.49900 204.00000 198.90000 184.00000 44180.35 BTC 175.30001 233.40000 227.99997 206.99500 95972.97
20131024 152.49900 204.00000 198.90000 184.00000 44180.35 BTC 228.0 233.4 175.30001 206.995 95972.97321546 19489369.735074 203.07143857385
20131025 156.00000 184.50000 184.05000 178.86000 34921.69 BTC 176.60399 209.00000 206.98500 197.90999 35744.04
20131025 156.00000 184.50000 184.05000 178.86000 34921.69 BTC 206.995 209.0 176.60399 197.90999 35744.03756038 6740413.0217937 188.57447232724
20131026 166.40000 179.00000 178.78000 170.96600 28986.60 BTC 187.00000 198.42679 197.19879 188.56002 11593.23
20131026 166.40000 179.00000 178.78000 170.96600 28986.60 BTC 197.90999 198.42679 187.0 188.56002 11593.22707078 2227101.4509617 192.10366857861
20131027 170.42000 187.00000 171.37200 186.99000 12486.96 BTC 188.56002 207.9 189.0 207.0001 12904.93483823 2578681.5511793 199.82135388551
20131027 170.42000 187.00000 171.37200 186.99000 12486.96 BTC 189.00000 207.90000 189.92363 207.00010 12904.93
20131028 181.20100 192.42900 186.97900 189.00000 8008.860 BTC 200.42000 209.79000 207.50000 206.90000 10041.16
20131028 181.20100 192.42900 186.97900 189.00000 8008.860 BTC 207.0001 209.79 200.42 206.9 10041.15872391 2072651.3207409 206.41555200253
20131029 188.10000 198.60000 188.90000 198.00000 6132.400 BTC 204.20001 216.50000 207.50000 216.00000 8958.387
20131029 188.10000 198.60000 188.90000 198.00000 6132.400 BTC 206.9 216.5 204.20001 216.0 8958.38731688 1892602.5094385 211.26598376387
20131030 191.01200 198.44200 198.00000 193.29900 11047.09 BTC 204.00000 216.50000 215.50200 208.00000 12582.47
20131030 191.01200 198.44200 198.00000 193.29900 11047.09 BTC 216.0 216.5 204.0 208.0 12582.46658231 2654807.0987745 210.99258093855
20131031 192.20000 198.39000 192.51000 197.90000 5517.723 BTC 205.43565 215.00000 206.00000 211.17140 4608.293
20131031 192.20000 198.39000 192.51000 197.90000 5517.723 BTC 208.0 215.0 205.43565 211.1714 4608.29256087 976625.58148322 211.9278601745
20131101 195.55200 199.20000 197.90000 198.98900 3715.426 BTC 209.76000 215.00000 211.20177 213.50000 4884.450
20131101 195.55200 199.20000 197.90000 198.98900 3715.426 BTC 211.1714 215.0 209.76 213.5 4884.45010394 1039764.6682136 212.87241062712
20131102 197.80000 201.00000 198.80000 198.85400 3495.377 BTC 211.02000 214.87996 213.50003 211.70501 4375.233
20131102 197.80000 201.00000 198.80000 198.85400 3495.377 BTC 213.5 214.87996 211.02 211.70001 4375.23265398 932092.24810282 213.03832774581
20131103 198.00000 209.85000 199.00100 208.90000 9197.392 BTC 211.70001 226.959 212.105 224.01001 12032.8438721 2641482.5437088 219.52271398065
20131103 198.00000 209.85000 199.00100 208.90000 9197.392 BTC 212.10500 226.95900 212.20000 224.01001 12032.84
20131104 206.00000 225.00000 208.91000 223.77100 13066.95 BTC 222.00000 239.02000 224.70000 238.19039 16899.84
20131104 206.00000 225.00000 208.91000 223.77100 13066.95 BTC 224.01001 239.02 222.0 238.19039 16899.83669991 3895904.6892991 230.52913223237
20131105 216.00000 244.88000 223.00000 237.18000 24979.72 BTC 229.00000 258.87626 238.19039 251.33423 44067.26
20131105 216.00000 244.88000 223.00000 237.18000 24979.72 BTC 238.19039 258.87626 229.0 251.3 44067.2597879 10833235.333126 245.83410416865
20131106 237.18100 253.90000 237.55000 251.00100 18758.33 BTC 251.3 272.52 251.4134 264.1 37807.24482257 9944331.9561488 263.02715267451
20131106 237.18100 253.90000 237.55000 251.00100 18758.33 BTC 251.41340 272.52000 251.41340 264.10000 37807.24
20131107 250.32300 292.49900 251.98000 281.81000 35939.81 BTC 263.60001 324.19800 264.11000 309.65900 85178.59
20131107 250.32300 292.49900 251.98000 281.81000 35939.81 BTC 264.1 324.198 263.60001 309.659 85178.59305129 25293726.933848 296.94933935591
20131108 280.01900 315.00000 281.81000 313.11800 18564.38 BTC 308.01001 358.00000 309.99999 355.00000 43831.61
20131108 280.01900 315.00000 281.81000 313.11800 18564.38 BTC 309.659 358.0 308.01001 355.0 43831.60922405 14805767.38865 337.78744724997
20131109 301.10000 349.11400 313.11800 331.29800 26504.50 BTC 340.00000 395.00000 355.06361 367.80000 49272.46
20131109 301.10000 349.11400 313.11800 331.29800 26504.50 BTC 355.0 395.0 340.0 367.8 49272.46208422 18199556.27664 369.36567621752
20131110 255.00000 338.90000 331.29800 302.00000 49830.21 BTC 290.00000 372.50000 365.12000 336.33101 74095.68
20131110 255.00000 338.90000 331.29800 302.00000 49830.21 BTC 367.8 372.5 290.0 336.33101 74095.67956866 24174067.082833 326.25474553387
20131111 290.00000 329.69800 301.90200 321.32200 17418.69 BTC 321.41000 376.00000 341.03020 363.00000 17785.25
20131111 290.00000 329.69800 301.90200 321.32200 17418.69 BTC 336.33101 376.0 321.41 363.0 17785.25134553 6255033.5100487 351.69778534622
20131112 320.40000 345.90000 321.32200 343.89700 16516.41 BTC 359.02000 391.52574 362.99999 380.10000 21029.65
20131112 320.40000 345.90000 321.32200 343.89700 16516.41 BTC 363.0 391.52574 359.02 380.1 21029.65320146 7937468.7475413 377.44173294262
20131113 342.35100 400.00000 343.70000 392.43500 21905.25 BTC 372.18300 445.00000 380.25003 434.87999 35274.27
20131113 342.35100 400.00000 343.70000 392.43500 21905.25 BTC 380.1 445.0 372.183 434.87999 35274.27162935 14480339.539164 410.50711666901
20131114 380.58300 411.00000 392.70000 406.01000 21398.42 BTC 402.54000 447.49999 434.87499 433.40000 30773.28
20131114 380.58300 411.00000 392.70000 406.01000 21398.42 BTC 434.87999 447.49999 402.54 433.4 30773.27927015 13184591.725817 428.44285817161
20131115 380.00000 425.50000 405.50000 406.99000 22856.81 BTC 413.05000 458.00000 433.40000 434.00000 27269.09
20131115 380.00000 425.50000 405.50000 406.99000 22856.81 BTC 433.4 458.0 413.05 434.0 27269.09083795 11898612.602568 436.34064198461
20131116 396.50000 428.97000 406.10000 420.48600 12564.21 BTC 428.01172 477.00000 434.00000 461.99990 18664.14
20131116 396.50000 428.97000 406.10000 420.48600 12564.21 BTC 434.0 477.0 428.01172 461.9999 18664.14097413 8527635.053573 456.89941291126
20131117 420.49100 487.70000 422.49000 480.60000 21227.57 BTC 457.00000 536.77700 458.95149 528.00000 26657.31
20131117 420.49100 487.70000 422.49000 480.60000 21227.57 BTC 461.9999 536.777 457.0 528.31991 26509.66401991 13242526.686748 499.53581745897
20131118 460.00000 679.99900 481.30700 679.45000 59526.34 BTC 522.00000 788.00000 528.00000 785.50007 71436.42
20131118 460.00000 679.99900 481.30700 679.45000 59526.34 BTC 528.31991 529.89999 524.0 529.49998 61.93153523 32698.647878215 527.98057979315
20131119 376.00000 770.97000 679.45000 545.15200 63127.81 BTC 502.62120 900.97998 785.50007 645.71675 98668.85
20131120 382.49000 567.87000 545.15100 545.00000 62892.50 BTC 453.29000 650.00000 643.00001 638.00000 91019.97
20131121 530.00000 684.00000 545.11900 673.54700 32735.56 BTC 595.21000 784.44440 630.12001 765.84885 38191.57
20131122 615.03000 722.00000 671.00000 699.00000 25272.58 BTC 682.30000 821.99900 768.99999 802.00000 29655.73
20131123 675.00000 774.00000 698.00000 724.20000 25780.68 BTC 799.60484 889.99999 802.00000 832.52400 20952.76
20131124 630.00000 743.55800 724.99900 699.00000 22245.95 BTC 745.20000 855.00000 839.99000 795.00000 25843.73
20131125 695.20000 750.00000 698.98800 743.99900 17086.73 BTC 758.95852 850.00000 795.00166 829.98999 25978.29
20131126 737.00000 894.70000 743.99900 882.65300 27238.91 BTC 825.10000 975.00000 829.99500 970.00000 31183.08
20131127 843.00000 950.00000 882.65300 934.00000 24788.07 BTC 914.31556 1094.794 970.00000 1080.000 37306.24
20131128 860.00000 1000.000 934.00000 962.03000 39069.90 BTC 1032.150 1224.600 1087.943 1101.840 37215.12
20131129 927.00000 1032.000 961.03000 1023.710 28218.13 BTC 1050.000 1242.000 1101.420 1206.978 38295.20
20131130 1019.630 1095.200 1019.630 1051.550 13060.66 BTC 1150.250 1233.000 1205.000 1206.011 14782.96
20131201 677.00000 1054.000 1051.500 878.17300 53103.21 BTC 840.32000 1216.900 1206.000 1004.424 79772.70
20131202 830.00000 989.00500 878.01000 980.00100 26682.28 BTC 975.00000 1117.800 1005.000 1096.633 36675.47
20131203 928.10000 1021.000 980.05400 997.50000 14626.00 BTC 1065.000 1185.773 1099.900 1155.000 18945.16
20131204 990.30100 1077.230 997.50000 1076.000 12388.50 BTC 1131.727 1240.000 1155.000 1237.955 15885.31
20131205 847.99300 1077.230 1072.500 990.40000 52946.79 BTC 870.00100 1240.000 1230.005 1106.435 57982.86
20131206 824.00000 996.92900 990.00000 839.00000 43269.72 BTC 800.00000 1118.989 1106.899 845.00000 53161.11
20131207 551.00000 874.98800 839.00000 698.00000 98863.33 BTC 576.00000 895.89000 846.00000 696.99999 97325.91
20131208 665.10100 798.00000 699.99900 784.02300 34289.21 BTC 653.00010 829.00000 693.25256 804.50000 31105.78
20131209 765.40000 900.00000 787.00000 878.50000 36846.21 BTC 787.75000 980.17661 810.98000 918.99000 27227.00
20131210 875.00100 967.00000 875.20000 958.50000 23231.28 BTC 912.00000 1068.000 915.93500 1033.975 21706.67
20131211 804.50000 971.00000 961.20000 855.50300 26298.75 BTC 856.12300 1056.900 1026.000 920.00000 23949.51
20131212 825.00000 889.99800 855.00900 860.00000 11297.28 BTC 839.50000 941.00000 908.00003 899.99990 9649.928
20131213 835.00000 908.96000 855.17200 869.00000 16644.61 BTC 882.15864 990.00000 899.99990 936.87547 17088.92
20131214 837.00000 874.89900 866.00100 846.92000 6108.205 BTC 875.13535 948.00000 943.39623 908.98998 11406.79
20131215 801.10000 869.99900 846.92000 863.64000 12692.83 BTC 838.02010 928.00000 900.00500 919.98500 15038.57
20131216 634.00000 869.89000 863.85000 690.00000 61798.42 BTC 714.11000 925.00000 916.00000 760.00000 40795.65
20131217 610.00000 748.90000 689.00100 660.10000 50533.00 BTC 678.89040 780.00000 760.00000 715.00000 31284.06
20131218 420.00100 661.77600 659.65400 502.69800 129306.7 BTC 455.00000 717.01500 715.00000 541.00500 109722.9
20131219 483.78000 694.00000 502.69800 681.00000 47767.77 BTC 522.44000 746.00000 541.21000 731.98999 45305.81
20131220 585.00000 709.89900 680.00000 609.00000 35036.85 BTC 621.25001 774.47000 730.00000 650.00000 34364.27
20131221 562.20000 642.90000 609.69800 591.16900 22631.01 BTC 610.00000 689.99000 649.39300 640.49500 14441.48
20131222 572.10000 657.50000 591.16900 604.20100 19945.57 BTC 615.00000 700.00000 636.09001 639.48000 11501.33
20131223 591.00000 669.97000 611.90900 650.22000 15689.61 BTC 631.00001 725.00000 639.47998 713.34506 14666.90
20131224 629.00000 668.60000 650.22000 650.33000 11121.20 BTC 666.01000 729.99174 716.99999 702.80000 10677.15
20131225 640.00000 675.00000 650.00200 674.96000 9714.518 BTC 674.00000 710.00000 696.86000 707.30000 5270.695
20131226 674.89000 758.00000 674.91000 743.30100 24654.01 BTC 707.30000 829.80000 707.30000 802.11000 23193.34
20131227 681.00000 761.00000 743.30100 715.01000 24497.45 BTC 768.00000 837.00000 807.00000 803.23000 16074.99
20131228 691.59900 736.45100 715.01000 711.82600 10754.72 BTC 715.60000 806.00000 803.23000 762.00500 13149.18
20131229 695.00000 732.34000 711.82600 720.01600 6985.543 BTC 735.00000 804.00000 767.00000 786.98000 6940.142
20131230 716.64000 738.00000 724.64700 728.99800 7451.590 BTC 781.00000 818.88800 789.99500 804.87996 10027.39
20131231 710.00000 734.99000 725.00100 730.50000 6006.808 BTC 777.00000 813.99999 804.87492 806.00503 8836.732
20140101 728.00000 749.80000 730.50000 744.00000 6505.642 BTC 771.00000 830.00000 806.01002 815.99500 10688.03
20140102 736.86100 799.89000 744.15700 782.00000 13773.88 BTC 810.56010 886.31309 812.58795 857.00000 12414.27
20140103 764.83400 819.00000 782.00100 800.99600 15294.89 BTC 840.00000 888.80000 859.00000 884.88800 9457.818
20140104 780.65000 829.00000 800.00000 823.49900 11662.87 BTC 848.47873 932.37989 884.88800 924.92499 18062.36
20140105 823.50000 919.98900 823.50000 904.00000 20993.23 BTC 911.58000 1029.988 929.89997 1015.000 21223.75
20140106 888.00200 990.00000 903.29700 925.00000 28029.00 BTC 965.00000 1093.682 1015.000 1012.899 22630.17
20140107 755.32000 944.00200 925.00000 757.11000 32539.87 BTC 880.00000 1044.200 1012.880 880.00000 22263.98
20140108 720.00000 850.00000 757.11000 821.17500 30500.24 BTC 859.00000 966.99630 884.00000 938.99999 13749.64
20140109 777.77700 844.90000 821.17500 821.70000 19764.69 BTC 866.58247 964.69663 933.01500 937.00000 14051.54
20140110 794.24700 849.06400 821.51000 841.00300 12559.01 BTC 906.00000 964.99000 935.00000 957.57300 6000.452
20140111 836.00000 894.00000 842.00000 890.38000 15528.08 BTC 935.13000 1011.000 957.57300 1005.500 10919.53
20140112 815.00000 899.00000 890.38000 835.49000 17049.28 BTC 922.30000 1022.990 1005.500 940.00000 9818.818
20140113 788.70000 841.43400 835.25000 824.82800 16077.57 BTC 880.11000 949.47573 940.00000 923.10010 9670.591
20140114 805.80000 840.50000 824.99800 819.47000 8014.586 BTC 905.00000 943.00000 925.90000 920.00000 3891.444
20140115 813.00000 848.60300 818.75800 837.99800 9798.530 BTC 915.15000 973.20000 920.00000 941.31001 6443.141
20140116 813.10000 846.24800 837.99800 813.37500 7223.987 BTC 911.01001 956.06000 948.99500 914.00000 4702.798
20140117 783.00000 825.00000 813.10000 795.00000 12851.66 BTC 867.43000 930.00000 914.00000 894.60000 9858.976
20140118 792.33100 839.00000 792.33100 817.49800 7106.946 BTC 885.00000 925.00000 894.91910 906.00500 5755.520
20140119 803.73800 839.00000 816.89000 839.00000 8159.381 BTC 902.01000 958.24000 906.00000 954.99500 8155.757
20140120 810.00000 841.62700 838.85000 829.00000 10419.77 BTC 926.00000 980.59324 954.99999 956.00002 10274.06
20140121 819.94100 836.98900 831.06000 831.55000 5452.489 BTC 943.32000 974.40000 959.49999 962.37155 5988.516
20140122 815.00000 835.00000 832.00000 821.56300 6730.121 BTC 935.00000 974.00000 970.57947 948.30786 4255.109
20140123 817.19000 824.99900 821.00000 824.67900 313.69406 BTC 937.12135 958.99999 951.00001 945.00000 1562.133
20140124 753.05700 797.00000 773.08300 774.98000 7957.901 BTC 903.40000 950.00000 943.50294 917.06751 5810.188
20140125 768.75000 818.00000 774.98000 817.00000 8319.210 BTC 916.01000 978.60000 924.97987 961.23871 7830.782
20140127 727.11500 830.00000 815.00000 748.90000 8470.789 BTC 937.67000 1022.000 1007.095 944.00000 7932.196
20140128 733.34700 803.00000 746.50100 774.90000 8891.992 BTC 912.02001 973.00000 944.00000 933.53300 10017.57
20140129 771.00000 797.88800 773.01100 790.09200 5026.355 BTC 919.30000 950.99999 933.50000 926.13125 5339.103
20140130 760.22000 808.82100 790.00000 795.00000 6300.104 BTC 910.11000 953.97898 931.99954 942.10001 5072.143
20140131 784.99900 802.20000 795.00000 797.00000 3751.466 BTC 925.00000 955.18300 942.10001 940.00000 3852.391
20140201 792.11200 817.70000 797.40000 800.00000 4653.400 BTC 928.00000 969.39990 949.98000 941.11000 4055.922
20140202 791.05000 816.00000 800.00000 799.90000 4124.905 BTC 935.00010 960.00000 949.46534 954.00000 1458.549
20140203 782.00300 809.79900 796.00000 798.90000 4918.495 BTC 932.05000 960.00000 954.00000 932.22000 2423.291
20140204 792.23300 810.00000 798.90000 800.53400 3968.524 BTC 901.03210 949.45700 933.85401 926.97999 4188.174
20140205 783.27700 804.90000 801.00000 784.75000 2898.894 BTC 890.17310 939.93000 926.97999 904.67000 7160.251
20140206 760.00000 789.00000 784.58700 764.85700 5494.730 BTC 801.00000 909.00000 904.70001 828.97990 18128.68
20140207 678.80000 765.95000 765.95000 718.63000 10338.47 BTC 651.70976 833.14499 827.00000 695.61818 49457.28
20140208 690.07400 728.90000 704.52000 691.00000 5058.282 BTC 632.01101 719.24999 685.22000 649.20000 22512.95
20140209 675.00100 718.00000 693.93000 697.50000 4137.621 BTC 622.41890 693.99999 658.81324 659.49776 19589.19
20140210 561.27600 719.80000 697.50000 667.00000 6644.267 BTC 500.00000 700.00000 663.29499 582.36669 39694.48
20140211 630.00000 709.03000 674.12500 664.65600 7375.003 BTC 550.00000 609.49490 582.54000 578.78000 29899.69
20140212 632.00000 668.00000 661.00200 652.49500 5251.946 BTC 511.77000 585.00000 567.20000 531.00000 25427.64
20140213 623.60000 644.89700 642.10000 635.89200 994.05812 BTC 479.92300 540.99996 540.03697 523.20000 13410.46
