20131118 -0.186208
20131117 -0.186210
20131116 -0.186168
20131115 -0.186230
20131114 -0.186232
20131113 -0.186228
20131112 -0.186351
20131111 -0.186389
20131110 -0.186449
20131109 -0.186378
20131108 -0.186407
20131107 -0.186508
20131106 -0.186610
20131105 -0.186638
20131104 -0.186504
20131103 -0.186546
20131102 -0.186582
20131101 -0.186577
20131031 -0.186583
20131030 -0.186593
20131029 -0.186569
20131028 -0.186596
20131027 -0.186596
20131026 -0.186649
20131025 -0.186356
20131024 -0.186317
20131023 -0.186228
20131022 -0.186334
20131021 -0.186378
20131020 -0.186406
20131019 -0.186419
20131018 -0.186482
20131017 -0.186528
20131016 -0.186548
20131015 -0.186246
20131014 -0.186287
20131013 -0.186310
20131012 -0.186338
20131011 -0.186355
20131010 -0.186353
20131009 -0.186359
20131008 -0.186377
20131007 -0.186381
20131006 -0.186369
20131005 -0.186151
20131004 -0.186150
20131003 -0.186195
20131002 -0.186256
20131001 -0.186124
20130930 -0.186111
20130929 -0.186096
20130928 -0.186107
20130927 -0.186134
20130926 -0.186148
20130925 -0.186164
20130924 -0.185834
20130923 -0.185848
20130922 -0.185842
20130921 -0.185838
20130920 -0.185844
20130919 -0.185831
20130918 -0.185777
20130917 -0.185790
20130916 -0.185787
20130915 -0.185798
20130914 -0.185814
20130913 -0.185353
20130912 -0.185370
20130911 -0.185334
20130910 -0.185458
20130909 -0.185452
20130908 -0.185541
20130907 -0.185506
20130906 -0.185599
20130905 -0.185490
20130904 -0.185460
20130903 -0.184700
20130902 -0.184700
20130901 -0.184665
20130831 -0.184752
20130830 -0.184803
20130829 -0.184955
20130828 -0.184964
20130827 -0.184920
20130826 -0.185115
20130825 -0.185080
20130824 -0.185123
20130823 -0.184537
20130822 -0.184459
20130821 -0.184430
20130820 -0.184477
20130819 -0.184537
20130818 -0.184653
20130817 -0.184667
20130816 -0.184751
20130815 -0.184729
20130814 -0.184671
20130813 -0.184737
20130812 -0.183939
20130811 -0.183994
20130810 -0.184055
20130809 -0.184061
20130808 -0.184054
20130807 -0.183964
20130806 -0.183947
20130805 -0.183942
20130804 -0.183991
20130803 -0.183996
20130802 -0.183383
20130801 -0.183402
20130731 -0.183321
20130730 -0.183257
20130729 -0.183493
20130728 -0.183592
20130727 -0.183752
20130726 -0.183693
20130725 -0.183659
20130724 -0.183727
20130723 -0.183710
20130722 -0.183854
20130721 -0.183186
20130720 -0.183281
20130719 -0.183186
20130718 -0.183270
20130717 -0.182902
20130716 -0.182963
20130715 -0.182885
20130714 -0.183080
20130713 -0.182910
20130712 -0.183099
20130711 -0.183317
20130710 -0.182491
20130709 -0.183096
20130708 -0.183133
20130707 -0.183107
20130706 -0.183473
20130705 -0.183535
20130704 -0.182917
20130703 -0.182979
20130702 -0.182363
20130701 -0.182489
20130630 -0.181982
20130629 -0.182117
20130628 -0.181612
20130627 -0.181194
20130626 -0.181061
20130625 -0.181100
20130624 -0.181174
20130623 -0.180831
20130622 -0.180813
20130621 -0.180736
20130620 -0.180630
20130619 -0.180810
20130618 -0.180863
20130617 -0.181182
20130616 -0.181303
20130615 -0.179899
20130614 -0.179885
20130613 -0.179596
20130612 -0.179243
20130611 -0.179226
20130610 -0.179420
20130609 -0.179853
20130608 -0.179307
20130607 -0.179080
20130606 -0.178497
20130605 -0.178283
20130604 -0.175796
20130603 -0.175859
20130602 -0.175693
20130601 -0.175054
20130531 -0.175100
20130530 -0.175101
20130529 -0.174777
20130528 -0.175083
20130527 -0.175010
20130526 -0.174660
20130525 -0.174802
20130524 -0.173618
20130523 -0.174312
20130522 -0.174567
20130521 -0.174660
20130520 -0.174748
20130519 -0.174699
20130518 -0.174627
20130517 -0.174597
20130516 -0.175137
20130515 -0.175544
20130514 -0.175832
20130513 -0.175161
20130512 -0.175483
20130511 -0.174098
20130510 -0.173865
20130509 -0.174420
20130508 -0.174375
20130507 -0.174783
20130506 -0.174482
20130505 -0.174060
20130504 -0.174409
20130503 -0.176086
20130502 -0.175162
20130501 -0.174014
20130430 -0.171426
20130429 -0.168882
20130428 -0.170097
20130427 -0.170917
20130426 -0.169785
20130425 -0.169173
20130424 -0.167584
20130423 -0.168949
20130422 -0.170994
20130421 -0.172037
20130420 -0.171093
20130419 -0.172128
20130418 -0.173333
20130417 -0.175361
20130416 -0.177030
20130415 -0.174942
20130414 -0.173809
20130413 -0.173363
20130412 -0.169792
20130411 -0.168617
20130410 -0.162651
20130409 -0.152980
20130408 -0.159303
20130407 -0.163052
20130406 -0.165979
20130405 -0.166025
20130404 -0.164674
20130403 -0.164183
20130402 -0.167085
20130401 -0.169468
20130331 -0.171339
20130330 -0.171482
20130329 -0.171770
20130328 -0.172507
20130327 -0.172039
20130326 -0.173816
20130325 -0.174651
20130324 -0.175009
20130323 -0.172046
20130322 -0.170747
20130321 -0.170515
20130320 -0.172013
20130319 -0.173273
20130318 -0.175048
20130317 -0.176037
20130316 -0.176132
20130315 -0.176143
20130314 -0.176092
20130313 -0.174937
20130312 -0.175624
20130311 -0.174550
20130310 -0.175177
20130309 -0.174955
20130308 -0.175653
20130307 -0.176223
20130306 -0.176479
20130305 -0.176659
20130304 -0.177751
20130303 -0.178183
20130302 -0.178248
20130301 -0.178183
20130228 -0.176763
20130227 -0.177538
20130226 -0.177476
20130225 -0.177694
20130224 -0.177854
20130223 -0.177882
20130222 -0.177743
20130221 -0.177898
20130220 -0.177930
20130219 -0.178002
20130218 -0.178773
20130217 -0.177854
20130216 -0.177714
20130215 -0.177755
20130214 -0.177713
20130213 -0.178765
20130212 -0.178427
20130211 -0.178609
20130210 -0.178846
20130209 -0.178957
20130208 -0.179302
20130207 -0.179480
20130206 -0.179818
20130205 -0.180020
20130204 -0.179344
20130203 -0.179282
20130202 -0.179651
20130201 -0.179317
20130131 -0.179352
20130130 -0.179625
20130129 -0.179692
20130128 -0.180001
20130127 -0.180348
20130126 -0.180324
20130125 -0.180509
20130124 -0.180703
20130123 -0.180471
20130122 -0.181136
20130121 -0.181298
20130120 -0.181684
20130119 -0.181714
20130118 -0.181683
20130117 -0.181755
20130116 -0.182025
20130115 -0.182194
20130114 -0.182176
20130113 -0.182241
20130112 -0.182198
20130111 -0.182233
20130110 -0.182232
20130109 -0.182362
20130108 -0.182372
20130107 -0.181994
20130106 -0.182045
20130105 -0.182051
20130104 -0.182028
20130103 -0.182067
20130102 -0.182112
20130101 -0.182103
20121231 -0.182024
20121230 -0.182047
20121229 -0.182066
20121228 -0.182058
20121227 -0.182058
20121226 -0.182040
20121225 -0.182678
20121224 -0.182668
20121223 -0.182691
20121222 -0.182671
20121221 -0.182627
20121220 -0.182619
20121219 -0.182593
20121218 -0.182695
20121217 -0.182712
20121216 -0.182695
20121215 -0.182630
20121214 -0.182593
20121213 -0.182559
20121212 -0.182560
20121211 -0.182608
20121210 -0.182650
20121209 -0.182756
20121208 -0.182745
20121207 -0.182718
20121206 -0.182785
20121205 -0.182758
20121204 -0.182748
20121203 -0.182991
20121202 -0.183050
20121201 -0.183030
20121130 -0.183029
20121129 -0.183067
20121128 -0.183101
20121127 -0.179100
20121126 -0.179070
20121125 -0.178740
20121124 -0.178788
20121123 -0.178833
20121122 -0.178781
20121121 -0.179223
20121120 -0.179248
20121119 -0.179202
20121118 -0.179303
20121117 -0.179210
20121116 -0.179237
20121115 -0.179611
20121114 -0.179778
20121113 -0.179778
20121112 -0.179739
20121111 -0.179690
20121110 -0.179675
20121109 -0.179727
20121108 -0.179651
20121107 -0.179655
20121106 -0.179669
20121105 -0.179773
20121104 -0.179737
20121103 -0.179846
20121102 -0.179966
20121101 -0.179896
20121031 -0.179460
20121030 -0.179677
20121029 -0.179322
20121028 -0.179248
20121027 -0.179575
20121026 -0.179642
20121025 -0.179128
20121024 -0.178542
20121023 -0.178542
20121022 -0.178497
20121021 -0.178556
20121020 -0.178475
20121019 -0.178475
20121018 -0.178327
20121017 -0.178423
20121016 -0.178394
20121015 -0.178351
20121014 -0.178426
20121013 -0.178334
20121012 -0.178230
20121011 -0.178208
20121010 -0.178141
20121009 -0.178309
20121008 -0.178396
20121007 -0.178380
20121006 -0.177853
20121005 -0.177716
20121004 -0.177595
20121003 -0.177565
20121002 -0.176964
20121001 -0.177315
20120930 -0.177315
20120929 -0.177344
20120928 -0.177322
20120927 -0.177388
20120926 -0.177419
20120925 -0.177477
20120924 -0.177554
20120923 -0.177480
20120922 -0.177444
20120921 -0.177340
20120920 -0.177409
20120919 -0.177177
20120918 -0.176818
20120917 -0.177123
20120916 -0.177140
20120915 -0.177242
20120914 -0.177310
20120913 -0.177539
20120912 -0.177568
20120911 -0.177597
20120910 -0.177733
20120909 -0.177860
20120908 -0.177846
20120907 -0.177877
20120906 -0.177724
20120905 -0.176910
20120904 -0.177485
20120903 -0.177349
20120902 -0.177654
20120901 -0.177877
20120831 -0.177695
20120830 -0.177118
20120829 -0.176987
20120828 -0.176966
20120827 -0.176956
20120826 -0.177274
20120825 -0.177355
20120824 -0.176153
20120823 -0.176674
20120822 -0.176980
20120821 -0.176867
20120820 -0.176674
20120819 -0.178863
20120818 -0.175101
20120817 -0.175128
20120816 -0.173131
20120815 -0.173391
20120814 -0.174496
20120813 -0.174655
20120812 -0.175086
20120811 -0.174296
20120810 -0.174435
20120809 -0.174800
20120808 -0.174806
20120807 -0.174756
20120806 -0.175031
20120805 -0.175014
20120804 -0.174886
20120803 -0.174902
20120802 -0.175395
20120801 -0.176494
20120731 -0.176718
20120730 -0.177001
20120729 -0.176544
20120728 -0.176327
20120727 -0.176312
20120726 -0.176312
20120725 -0.176435
20120724 -0.176679
20120723 -0.176868
20120722 -0.176912
20120721 -0.176379
20120720 -0.176777
20120719 -0.176349
20120718 -0.176056
20120717 -0.176435
20120716 -0.176120
20120715 -0.177265
20120714 -0.177368
20120713 -0.177208
20120712 -0.177078
20120711 -0.177879
20120710 -0.177814
20120709 -0.178047
20120708 -0.178337
20120707 -0.178385
20120706 -0.178533
20120705 -0.178505
20120704 -0.178713
20120703 -0.178671
20120702 -0.178261
20120701 -0.178434
20120630 -0.178353
20120629 -0.178406
20120628 -0.178464
20120627 -0.178410
20120626 -0.178711
20120625 -0.178862
20120624 -0.178803
20120623 -0.178699
20120622 -0.178541
20120621 -0.178366
20120620 -0.178380
20120619 -0.177828
20120618 -0.178100
20120617 -0.178311
20120616 -0.177970
20120615 -0.177826
20120614 -0.178613
20120613 -0.178649
20120612 -0.178980
20120611 -0.179160
20120610 -0.179314
20120609 -0.179182
20120608 -0.179076
20120607 -0.179137
20120606 -0.179365
20120605 -0.179393
20120604 -0.179643
20120603 -0.179731
20120602 -0.179668
20120601 -0.179631
20120531 -0.179766
20120530 -0.179831
20120529 -0.179810
20120528 -0.179830
20120527 -0.179825
20120526 -0.179877
20120525 -0.179816
20120524 -0.179854
20120523 -0.180429
20120522 -0.180483
20120521 -0.180482
20120520 -0.180495
20120519 -0.180482
20120518 -0.180458
20120517 -0.180482
20120516 -0.180496
20120515 -0.180567
20120514 -0.180605
20120513 -0.180706
20120512 -0.180684
20120511 -0.180666
20120510 -0.180811
20120509 -0.180556
20120508 -0.179557
20120507 -0.179542
20120506 -0.179557
20120505 -0.179516
20120504 -0.179531
20120503 -0.179429
20120502 -0.179521
20120501 -0.179633
20120430 -0.179710
20120429 -0.179777
20120428 -0.179664
20120427 -0.179467
20120426 -0.179824
20120425 -0.179774
20120424 -0.179823
20120423 -0.180023
20120422 -0.179671
20120421 -0.179589
20120420 -0.179459
20120419 -0.179766
20120418 -0.179795
20120417 -0.180000
20120416 -0.180063
20120415 -0.180010
20120414 -0.180023
20120413 -0.180052
20120412 -0.180081
20120411 -0.180283
20120410 -0.180411
20120409 -0.180361
20120408 -0.180473
20120407 -0.180621
20120406 -0.180252
20120405 -0.180295
20120404 -0.180308
20120403 -0.180249
20120402 -0.180218
20120401 -0.180424
20120331 -0.180310
20120330 -0.180378
20120329 -0.180450
20120328 -0.179904
20120327 -0.179868
20120326 -0.180161
20120325 -0.180266
20120324 -0.180074
20120323 -0.180059
20120322 -0.180031
20120321 -0.179863
20120320 -0.179828
20120319 -0.180047
20120318 -0.179155
20120317 -0.179252
20120316 -0.179057
20120315 -0.179076
20120314 -0.178994
20120313 -0.179162
20120312 -0.179742
20120311 -0.179711
20120310 -0.179828
20120309 -0.179786
20120308 -0.179680
20120307 -0.179669
20120306 -0.179589
20120305 -0.179598
20120304 -0.179848
20120303 -0.180162
20120302 -0.180024
20120301 -0.179036
20120229 -0.179137
20120228 -0.179124
20120227 -0.178978
20120226 -0.179035
20120225 -0.179282
20120224 -0.178857
20120223 -0.178880
20120222 -0.179860
20120221 -0.180113
20120220 -0.179965
20120219 -0.179923
20120218 -0.180196
20120217 -0.179902
20120216 -0.180127
20120215 -0.180042
20120214 -0.179814
20120213 -0.178495
20120212 -0.178074
20120211 -0.177932
20120210 -0.177415
20120209 -0.177552
20120208 -0.177932
20120207 -0.177783
20120206 -0.178175
20120205 -0.177785
20120204 -0.177480
20120203 -0.176795
20120202 -0.176550
20120201 -0.176592
20120131 -0.177626
20120130 -0.177614
20120129 -0.177805
20120128 -0.177376
20120127 -0.177960
20120126 -0.177877
20120125 -0.177161
20120124 -0.176218
20120123 -0.176103
20120122 -0.176184
20120121 -0.175919
20120120 -0.175353
20120119 -0.175590
20120118 -0.176393
20120117 -0.176977
20120116 -0.175001
20120115 -0.174418
20120114 -0.174878
20120113 -0.175499
20120112 -0.174787
20120111 -0.174604
20120110 -0.175590
20120109 -0.175653
20120108 -0.174214
20120107 -0.173795
20120106 -0.174018
20120105 -0.173524
20120104 -0.176228
20120103 -0.177593
20120102 -0.176931
20120101 -0.176831
20111231 -0.177905
20111230 -0.178838
20111229 -0.179000
20111228 -0.178961
20111227 -0.179189
20111226 -0.179291
20111225 -0.178848
20111224 -0.179412
20111223 -0.179398
20111222 -0.179510
20111221 -0.179510
20111220 -0.179392
20111219 -0.180241
20111218 -0.180888
20111217 -0.180874
20111216 -0.180874
20111215 -0.180874
20111214 -0.180973
20111213 -0.180776
20111212 -0.181003
20111211 -0.180394
20111210 -0.180815
20111209 -0.180983
20111208 -0.180962
20111207 -0.180941
20111206 -0.180857
20111205 -0.181172
20111204 -0.181280
20111203 -0.181351
20111202 -0.180679
20111201 -0.180794
20111130 -0.180983
20111129 -0.181443
20111128 -0.182318
20111127 -0.182452
20111126 -0.182471
20111125 -0.182402
20111124 -0.182543
20111123 -0.182735
20111122 -0.182741
20111121 -0.182808
20111120 -0.182988
20111119 -0.182996
20111118 -0.183275
20111117 -0.182892
20111116 -0.182298
20111115 -0.182741
20111114 -0.182949
20111113 -0.181514
20111112 -0.181450
20111111 -0.181357
20111110 -0.181812
20111109 -0.181603
20111108 -0.181442
20111107 -0.181495
20111106 -0.181585
20111105 -0.181565
20111104 -0.181302
20111103 -0.181220
20111102 -0.181026
20111101 -0.181224
20111031 -0.181038
20111030 -0.182115
20111029 -0.181631
20111028 -0.182239
20111027 -0.182472
20111026 -0.182888
20111025 -0.182892
20111024 -0.183242
20111023 -0.182270
20111022 -0.182288
20111021 -0.183203
20111020 -0.183549
20111019 -0.183670
20111018 -0.183438
20111017 -0.183219
20111016 -0.181668
20111015 -0.181225
20111014 -0.180998
20111013 -0.181731
20111012 -0.181591
20111011 -0.181887
20111010 -0.181659
20111009 -0.181655
20111008 -0.181784
20111007 -0.181425
20111006 -0.180801
20111005 -0.180618
20111004 -0.180496
20111003 -0.180410
20111002 -0.180406
20111001 -0.180398
20110930 -0.180253
20110929 -0.180740
20110928 -0.180750
20110927 -0.180556
20110926 -0.180866
20110925 -0.180267
20110924 -0.180088
20110923 -0.179988
20110922 -0.180140
20110921 -0.179901
20110920 -0.179250
20110919 -0.180098
20110918 -0.180437
20110917 -0.180996
20110916 -0.180931
20110915 -0.180905
20110914 -0.179891
20110913 -0.179656
20110912 -0.179394
20110911 -0.179668
20110910 -0.181069
20110909 -0.180740
20110908 -0.178813
20110907 -0.177970
20110906 -0.178386
20110905 -0.177425
20110904 -0.176697
20110903 -0.176309
20110902 -0.176103
20110901 -0.176656
20110831 -0.176669
20110830 -0.175909
20110829 -0.175859
20110828 -0.175731
20110827 -0.176338
20110826 -0.176858
20110825 -0.174989
20110824 -0.173480
20110823 -0.173367
20110822 -0.173424
20110821 -0.172897
20110820 -0.172718
20110819 -0.172469
20110818 -0.173506
20110817 -0.173360
20110816 -0.173336
20110815 -0.173102
20110814 -0.174150
20110813 -0.174953
20110812 -0.175764
20110811 -0.175761
20110810 -0.175136
20110809 -0.175124
20110808 -0.177771
20110807 -0.177650
20110806 -0.179282
20110805 -0.175354
20110804 -0.174205
20110803 -0.176006
20110802 -0.172634
20110801 -0.171371
20110731 -0.169173
20110730 -0.168930
20110729 -0.168973
20110728 -0.168984
20110727 -0.168378
20110726 -0.168455
20110725 -0.168231
20110724 -0.168323
20110723 -0.168728
20110722 -0.168707
20110721 -0.168822
20110720 -0.168715
20110719 -0.168498
20110718 -0.167509
20110717 -0.167976
20110716 -0.167159
20110715 -0.167027
20110714 -0.166764
20110713 -0.166821
20110712 -0.166735
20110711 -0.166444
20110710 -0.165434
20110709 -0.166194
20110708 -0.166290
20110707 -0.165615
20110706 -0.165605
20110705 -0.165833
20110704 -0.164255
20110703 -0.161639
20110702 -0.161706
20110701 -0.161711
20110630 -0.160545
20110629 -0.159313
20110628 -0.159140
20110627 -0.159471
20110626 -0.159967
20110625 -0.158212
20110624 -0.158212
20110623 -0.141611
20110622 -0.141611
20110621 -0.141611
20110620 -0.141611
20110619 -0.141611
20110618 -0.143225
20110617 -0.146373
20110616 -0.142939
20110615 -0.136456
20110614 -0.109599
20110613 -0.107345
20110612 -0.112552
20110611 -0.128230
20110610 -0.090804
20110609 -0.070803
20110608 -0.068062
20110607 -0.090910
20110606 -0.112538
20110605 -0.099520
20110604 -0.088022
20110603 -0.112173
20110602 -0.131547
20110601 -0.136955
20110531 -0.141307
20110530 -0.140997
20110529 -0.142941
20110528 -0.143622
20110527 -0.142571
20110526 -0.141008
20110525 -0.108636
20110524 -0.117799
20110523 -0.120326
20110522 -0.124626
20110521 -0.129961
20110520 -0.134912
20110519 -0.123552
20110518 -0.122850
20110517 -0.082913
20110516 -0.070673
20110515 -0.085858
20110514 -0.082802
20110513 -0.068293
20110512 -0.095820
20110511 -0.107426
20110510 -0.102929
20110509 -0.132083
20110508 -0.106716
20110507 -0.111398
20110506 -0.115374
20110505 -0.117810
20110504 -0.116288
20110503 -0.116207
20110502 -0.120579
20110501 -0.124053
20110430 -0.114333
20110429 -0.115994
20110428 -0.132545
20110427 -0.140224
20110426 -0.142822
20110425 -0.148655
20110424 -0.146897
20110423 -0.145166
20110422 -0.152363
20110421 -0.157284
20110420 -0.158962
20110419 -0.157583
20110418 -0.158471
20110417 -0.156359
20110416 -0.158089
20110415 -0.159752
20110414 -0.159473
20110413 -0.161621
20110412 -0.163354
20110411 -0.165850
20110410 -0.166768
20110409 -0.166959
20110408 -0.166405
20110407 -0.166299
20110406 -0.166682
20110405 -0.167514
20110404 -0.164691
20110403 -0.161414
20110402 -0.161315
20110401 -0.161576
20110331 -0.161229
20110330 -0.161060
20110329 -0.160967
20110328 -0.160753
20110327 -0.160057
20110326 -0.158892
20110325 -0.157946
20110324 -0.161223
20110323 -0.161737
20110322 -0.162957
20110321 -0.164456
20110320 -0.164992
20110319 -0.164276
20110318 -0.162733
20110317 -0.162465
20110316 -0.161429
20110315 -0.161129
20110314 -0.160383
20110313 -0.160455
20110312 -0.159691
20110311 -0.160829
20110310 -0.159244
20110309 -0.161294
20110308 -0.151467
20110307 -0.150850
20110306 -0.150238
20110305 -0.149811
20110304 -0.150193
20110303 -0.148629
20110302 -0.148595
20110301 -0.149404
20110228 -0.151877
20110227 -0.150645
20110226 -0.127207
20110225 -0.130144
20110224 -0.124738
20110223 -0.130839
20110222 -0.132704
20110221 -0.134941
20110220 -0.133970
20110219 -0.127772
20110218 -0.130908
20110217 -0.095863
20110216 -0.095424
20110215 -0.094985
20110214 -0.093229
20110213 -0.094985
20110212 -0.092359
20110211 -0.093228
20110210 -0.101106
20110209 -0.091472
20110208 -0.106578
20110207 -0.094885
20110206 -0.093881
20110205 -0.091773
20110204 -0.103079
20110203 -0.115630
20110202 -0.112933
20110201 -0.114593
20110131 -0.133262
20110130 -0.137422
20110129 -0.141665
20110128 -0.140939
20110127 -0.143511
20110126 -0.135561
20110125 -0.136428
20110124 -0.135202
20110123 -0.132415
20110122 -0.132180
20110121 -0.135200
20110120 -0.138904
20110119 -0.148441
20110118 -0.148441
20110117 -0.143920
20110116 -0.139302
20110115 -0.139400
20110114 -0.131195
20110113 -0.142732
20110112 -0.142564
20110111 -0.141474
20110110 -0.141474
20110109 -0.141976
20110108 -0.141990
20110107 -0.142396
20110106 -0.145476
20110105 -0.145336
20110104 -0.145343
20110103 -0.145897
20110102 -0.139914
20110101 -0.139909
20101231 -0.139909
20101230 -0.139909
20101229 -0.139909
20101228 -0.142904
20101227 -0.145426
20101226 -0.145426
20101225 -0.147807
20101224 -0.148106
20101223 -0.147791
20101222 -0.147791
20101221 -0.149367
20101220 -0.137443
20101219 -0.142456
20101218 -0.142288
20101217 -0.142475
20101216 -0.140618
20101215 -0.142845
20101214 -0.141228
20101213 -0.144357
20101212 -0.146202
20101211 -0.144711
20101210 -0.149183
20101209 -0.149929
20101208 -0.119705
20101207 -0.121345
20101206 -0.129541
20101205 -0.133498
20101204 -0.129259
20101203 -0.116243
20101202 -0.115126
20101201 -0.122899
20101130 -0.128354
20101129 -0.110759
20101128 -0.097425
20101127 -0.093103
20101126 -0.092637
20101125 -0.094100
20101124 -0.093106
20101123 -0.093120
20101122 -0.091474
20101121 -0.095181
20101120 -0.093100
20101119 -0.094100
20101118 -0.098157
20101117 -0.071487
20101116 -0.074960
20101115 -0.052210
20101114 -0.046754
20101113 -0.048284
20101112 -0.052210
20101111 -0.074910
20101110 -0.066403
20101109 -0.081503
20101108 -0.007745
20101107 0.063889
20101106 0.100813
20101105 0.004809
20101104 -0.017346
20101103 -0.044596
20101102 -0.044079
20101101 -0.042824
20101031 -0.045040
20101030 -0.040313
20101029 0.014666
20101028 -0.003290
20101027 0.012222
20101026 -0.027513
20101025 -0.046956
20101024 -0.065007
20101023 -0.075111
20101022 -0.078299
20101021 -0.073518
20101020 -0.023168
20101019 -0.026481
20101018 -0.017534
20101017 -0.018197
20101016 -0.019854
20101015 -0.013226
20101014 -0.018197
20101013 -0.013226
20101012 -0.029961
20101011 -0.022711
20101010 -0.020114
20101009 -0.024789
20101008 -0.036822
20101007 -0.071192
20101006 -0.078447
20101005 -0.080888
20101004 -0.081061
20101003 -0.081390
20101002 -0.080888
20101001 -0.079901
20100930 -0.080022
20100929 -0.080005
20100928 -0.080022
20100927 -0.032469
20100926 -0.032966
20100925 -0.032917
20100924 -0.032469
20100923 -0.032195
20100922 -0.032469
20100921 -0.031349
20100920 -0.032718
20100919 -0.031225
20100918 0.008172
20100917 0.001767
20100916 0.011055
20100915 0.006251
20100914 0.011343
20100913 0.011984
20100912 0.009774
20100911 0.016692
20100910 0.010735
20100909 0.008525
20100908 0.011375
20100907 0.036222
20100906 0.038420
20100905 0.038420
20100904 0.041277
20100903 0.035673
20100902 0.045013
20100901 0.043181
20100831 0.032560
20100830 0.050763
20100829 0.047210
20100828 0.047577
20100827 0.050873
20100826 0.047210
20100825 0.101901
20100824 0.102794
20100823 0.102392
20100822 0.107255
20100821 0.109040
20100820 0.105024
20100819 0.110378
20100818 0.116178
20100817 0.125101
20100816 0.105024
20100815 0.104087
20100814 0.247195
20100813 0.230986
20100812 0.266645
20100811 0.247195
20100810 0.266645
20100809 0.273129
20100808 0.207645
20100807 0.195327
20100806 0.216722
20100805 0.208294
20100804 0.345719
20100803 0.373767
20100802 0.373767
20100801 0.384052
20100731 0.447161
20100730 0.399011
20100729 0.466327
20100728 0.363483
20100727 0.373767
20100726 0.517113
20100725 0.447939
20100724 0.498750
20100723 0.600372
20100722 0.447939
20100721 0.809025
20100720 0.752806
20100719 0.829022
20100718 0.892411
20100717 0.435488
